11.497316360473633
5.738481044769287
1.5089123249053955
1.8328235149383545
1.091225266456604
0.8946466445922852
0.8038041591644287
0.7939845323562622
0.9157147407531738
0.668624758720398
0.6612651944160461
0.7536168694496155
0.8660153746604919
0.8861604332923889
0.552537202835083
0.7427034378051758
0.49362102150917053
0.42286112904548645
0.5245410799980164
0.3985440731048584
0.5109646320343018
0.5139769315719604
0.4095176160335541
0.3620857298374176
0.4306098222732544
0.435369074344635
0.639687180519104
0.3673696219921112
0.43768826127052307
0.4514043629169464
0.4201364517211914
0.4546116888523102
0.3780513107776642
0.3246130049228668
0.336710661649704
0.3601439893245697
0.38720476627349854
0.32404616475105286
0.3286561667919159
0.3356179893016815
0.5365031957626343
0.5386744737625122
0.4850459694862366
0.503235936164856
0.36006128787994385
0.30973806977272034
0.31539398431777954
0.3743003308773041
0.3429706394672394
0.21714621782302856
0.4555850327014923
0.4745942950248718
0.3977733552455902
0.34942954778671265
0.26841288805007935
0.3620232939720154
0.3371870815753937
0.2691795527935028
0.3919937312602997
0.29127708077430725
0.27258536219596863
0.43506473302841187
0.3012540638446808
0.25179269909858704
0.2800135612487793
0.3575291931629181
0.29234641790390015
0.24762342870235443
0.24857982993125916
0.19117894768714905
0.2940351665019989
0.4530181288719177
0.40955987572669983
0.3677029609680176
0.3940531611442566
0.3819446563720703
0.4128898084163666
0.3676004409790039
0.4172956943511963
0.26362481713294983
0.3103761374950409
0.4711824059486389
0.25943678617477417
0.38547593355178833
0.3467525243759155
0.2914724349975586
0.2849475145339966
0.2644089162349701
0.3909395635128021
0.3940463662147522
0.22842861711978912
0.349370539188385
0.35580551624298096
0.23826061189174652
0.3207522928714752
0.2615569233894348
0.3404011130332947
0.31471532583236694
0.3513830304145813
0.3440125286579132
0.37774917483329773
0.42740583419799805
0.3527909219264984
0.34831559658050537
0.30938929319381714
0.30487197637557983
0.3476584851741791
0.2726307213306427
0.27455344796180725
0.3744203746318817
0.34530216455459595
0.2968519926071167
0.31809040904045105
0.2781575620174408
0.3151673376560211
0.22630450129508972
0.2911970615386963
0.2256629467010498
0.2317747324705124
0.2573472261428833
0.29794567823410034
0.2880249619483948
0.41317006945610046
0.3361010253429413
0.2635572552680969
0.39708563685417175
0.27529266476631165
0.36516889929771423
0.3604281544685364
0.37876832485198975
0.30450090765953064
0.2971609830856323
0.28157296776771545
0.22848699986934662
0.2466982901096344
0.301516056060791
0.30217263102531433
0.20442309975624084
0.39814695715904236
0.3001323342323303
0.2772463262081146
0.3362692594528198
0.38080963492393494
0.24134498834609985
0.20157423615455627
0.26673778891563416
0.25770458579063416
0.3257952332496643
0.18749339878559113
0.2052997350692749
0.29352080821990967
0.2875711917877197
0.39206013083457947
0.4053928852081299
0.3652764558792114
0.26771196722984314
0.3239840567111969
0.35209572315216064
0.32400646805763245
0.32736310362815857
0.4152630865573883
0.31355035305023193
0.31023484468460083
0.30017992854118347
0.29878127574920654
0.28402939438819885
0.3291894495487213
0.30269885063171387
0.2950839400291443
0.1685362607240677
0.16470327973365784
0.32882460951805115
0.2800585627555847
0.26023516058921814
0.3114832937717438
0.1324668824672699
0.3772604465484619
0.22230121493339539
0.1729706972837448
0.23719176650047302
0.2081775665283203
0.23786278069019318
0.210704043507576
0.25707992911338806
0.2486633062362671
0.2642793655395508
0.25859421491622925
0.2978830933570862
0.2695254683494568
0.2140277922153473
0.27624666690826416
0.2792784869670868
0.31963050365448
0.19444653391838074
0.2895256280899048
0.2707615792751312
0.3086225688457489
0.21137681603431702
0.2739456295967102
0.18708638846874237
0.23157864809036255
0.3008890748023987
0.2926330268383026
0.22804002463817596
0.23627294600009918
0.2548920512199402
0.3448140323162079
0.3194003701210022
0.31364595890045166
0.2561754286289215
0.24144455790519714
0.20775534212589264
0.31972673535346985
0.41018936038017273
0.2810978293418884
0.24127240478992462
0.2592390179634094
0.32633936405181885
0.22430181503295898
0.2653941214084625
0.2560667097568512
0.3182321786880493
0.2992085814476013
0.21049855649471283
0.2538151741027832
0.24575893580913544
0.22564862668514252
0.2532084584236145
0.24501100182533264
0.28312772512435913
0.17039893567562103
0.2663878798484802
0.35573306679725647
0.2192448377609253
0.23887215554714203
0.21061894297599792
0.23624923825263977
0.23922565579414368
0.2002510279417038
0.17331519722938538
0.3347780406475067
0.37399163842201233
0.22257393598556519
0.24840445816516876
0.24572382867336273
0.23744003474712372
0.303903728723526
0.26553207635879517
0.2460937649011612
0.2730746567249298
0.27375197410583496
0.2518277168273926
0.2321164608001709
0.1658814400434494
0.28228920698165894
0.1910833716392517
0.2540706992149353
0.20971164107322693
0.2025238573551178
0.17934951186180115
0.20744459331035614
0.18522299826145172
0.2472614347934723
0.18648205697536469
0.18743759393692017
0.22662964463233948
0.2517169117927551
0.259025514125824
0.250936359167099
0.25200676918029785
0.22177726030349731
0.2374860942363739
0.20200806856155396
0.20663464069366455
0.174006849527359
0.18793746829032898
0.19415833055973053
0.24142257869243622
0.19995026290416718
0.16216881573200226
0.24714596569538116
0.2438906729221344
0.20368169248104095
0.24109289050102234
0.19224993884563446
0.29704660177230835
0.23958076536655426
0.2830010652542114
0.2916686534881592
0.23928086459636688
0.22490717470645905
0.18638621270656586
0.24353188276290894
0.22049996256828308
0.265220582485199
0.3500710427761078
0.2570384740829468
0.19272099435329437
0.17454794049263
0.23827297985553741
0.26934126019477844
0.20086416602134705
0.160708948969841
0.22951839864253998
0.163832426071167
0.20032866299152374
0.2090161293745041
0.2043086141347885
0.19081899523735046
0.1478554606437683
0.22729210555553436
0.2613655626773834
0.18768969178199768
0.24091023206710815
0.12693864107131958
0.20503146946430206
0.3283613324165344
0.18580791354179382
0.2407037764787674
0.20891982316970825
0.15941864252090454
0.19772520661354065
0.2148371785879135
0.1943841427564621
0.22489377856254578
0.2396104335784912
0.25827518105506897
0.19251784682273865
0.1583072692155838
0.21037709712982178
0.22377707064151764
0.14735989272594452
0.12391889095306396
0.21152585744857788
0.19279076159000397
0.1555992215871811
0.17925824224948883
0.2468811273574829
0.19794327020645142
0.2665911912918091
0.21229752898216248
0.18834567070007324
0.18601106107234955
0.15097278356552124
0.15212862193584442
0.17129647731781006
0.21269498765468597
0.16590575873851776
0.1973927915096283
0.23797857761383057
0.2199145257472992
0.21435028314590454
0.17394180595874786
0.14201846718788147
0.10678564012050629
0.1538112461566925
0.13182397186756134
0.1665773242712021
0.18498167395591736
0.1265595257282257
0.15816953778266907
0.23409385979175568
0.2365218997001648
0.20309175550937653
0.2106342762708664
0.23731553554534912
0.22150038182735443
0.23996177315711975
0.1855282038450241
0.19721686840057373
0.1979324221611023
0.2053319364786148
0.198435977101326
0.17454159259796143
0.13628606498241425
0.17213043570518494
0.15653295814990997
0.23243558406829834
0.15939170122146606
0.16799300909042358
0.22742712497711182
0.20773199200630188
0.1702013909816742
0.2122918665409088
0.1699250042438507
0.14117270708084106
0.20863783359527588
0.21841561794281006
0.1805478036403656
0.12996087968349457
0.14427751302719116
0.15958033502101898
0.21719244122505188
0.2182171642780304
0.16941647231578827
0.1613200306892395
0.13290438055992126
0.16876371204853058
0.21006949245929718
0.20643800497055054
0.19505150616168976
0.17811128497123718
0.15515026450157166
0.1558448076248169
0.13447672128677368
0.135279580950737
0.1715012490749359
0.1696549355983734
0.20818671584129333
0.2285383641719818
0.15768523514270782
0.1777643859386444
0.16527047753334045
0.16791638731956482
0.18161027133464813
0.14465630054473877
0.16170665621757507
0.23035256564617157
0.18900978565216064
0.1434285044670105
0.15146197378635406
0.21286426484584808
0.14926792681217194
0.14253415167331696
0.155735582113266
0.14293411374092102
0.12979210913181305
0.1785993129014969
0.1557190865278244
0.20325805246829987
0.1125117689371109
0.17262598872184753
0.15817466378211975
0.18173114955425262
0.14433744549751282
0.15597864985466003
0.13061834871768951
0.1160244420170784
0.18724119663238525
0.16077543795108795
0.13192734122276306
0.1393885314464569
0.18532630801200867
0.13656339049339294
0.14814558625221252
0.14121891558170319
0.12674039602279663
0.11349591612815857
0.11575166136026382
0.15538965165615082
0.12285353243350983
0.13522525131702423
0.130122110247612
0.10999538749456406
0.13251052796840668
0.15631456673145294
0.17758387327194214
0.13924859464168549
0.1913238763809204
0.15199702978134155
0.12834729254245758
0.13541623950004578
0.14305779337882996
0.14873839914798737
0.14605408906936646
0.14246425032615662
0.14691266417503357
0.1004832461476326
0.13102620840072632
0.11443672329187393
0.10831356793642044
0.13317936658859253
0.14999312162399292
0.14226113259792328
0.1529882848262787
0.1884070485830307
0.18994179368019104
0.1876107007265091
0.17143820226192474
0.19098107516765594
0.13657456636428833
0.1602649986743927
0.11613311618566513
0.11535416543483734
0.11312002688646317
0.14353394508361816
0.11361846327781677
0.1246165856719017
0.16641059517860413
0.1334097534418106
0.13057172298431396
0.1277904063463211
0.14699845016002655
0.16090795397758484
0.1653890609741211
0.14589446783065796
0.16890761256217957
0.2158454954624176
0.18257872760295868
0.15062260627746582
0.15498895943164825
0.15613953769207
0.24258652329444885
0.18004366755485535
0.11085684597492218
0.16625605523586273
0.11109942197799683
0.15344297885894775
0.07694687694311142
0.145754873752594
0.119883693754673
0.17808149755001068
0.07304482161998749
0.10098357498645782
0.0953739583492279
0.07732737064361572
0.14120902121067047
0.10524585843086243
0.10547211766242981
0.10564642399549484
0.1191706731915474
0.11253190040588379
0.13102279603481293
0.12227819859981537
0.10610447078943253
0.11403224617242813
0.14304625988006592
0.11530321836471558
0.10498104244470596
0.06235458701848984
0.09474766254425049
0.1615516096353531
0.10918224602937698
0.10767603665590286
0.1051567792892456
0.09849417209625244
0.14502745866775513
0.11829590052366257
0.0991191416978836
0.12238974869251251
0.1642969250679016
0.10185326635837555
0.09831534326076508
0.11294808983802795
0.10840808600187302
0.11943473666906357
0.1487361192703247
0.14746475219726562
0.11843852698802948
0.12148898839950562
0.1560879796743393
0.15586510300636292
0.09082110226154327
0.09364823997020721
0.12308774888515472
0.1322273463010788
0.10451442748308182
0.10026433318853378
0.1023460328578949
0.07827504724264145
0.11771688610315323
0.10846760869026184
0.11392740905284882
0.08949881792068481
0.10236812382936478
0.08791501075029373
0.10118162631988525
0.13453379273414612
0.09498603641986847
0.13644325733184814
0.1447824090719223
0.12912750244140625
0.13718193769454956
0.13180513679981232
0.13218581676483154
0.11531843990087509
0.11938833445310593
0.11100724339485168
0.11380838602781296
0.11689414829015732
0.09384173899888992
0.10549141466617584
0.09180007874965668
0.09006661176681519
0.11646123230457306
0.10327008366584778
0.14622989296913147
0.12499354779720306
0.13280710577964783
0.10429829359054565
0.1437947154045105
0.1266641616821289
0.09858190268278122
0.09979775547981262
0.09628735482692719
0.1257944256067276
0.10310596227645874
0.11704576760530472
0.1098737120628357
0.1094043031334877
0.069286048412323
0.08815678209066391
0.09939794987440109
0.09310350567102432
0.0776900202035904
0.1047787144780159
0.08607738465070724
0.1170320138335228
0.12482874095439911
0.10454627871513367
0.111399345099926
0.10494500398635864
0.10536205768585205
0.1427948921918869
0.10732224583625793
0.08149594813585281
0.10074261575937271
0.09035935252904892
0.09686671197414398
0.10552490502595901
0.09901058673858643
0.08796083927154541
0.07771384716033936
0.0853271484375
0.11806239932775497
0.12162400037050247
0.07716876268386841
0.12277108430862427
0.07235544919967651
0.10249345749616623
0.09176797419786453
0.09727773815393448
0.11742565780878067
0.12341591715812683
0.10675988346338272
0.10500577837228775
0.12738165259361267
0.09776564687490463
0.12518134713172913
0.13639965653419495
0.09252925217151642
0.07689270377159119
0.08555891364812851
0.09022434055805206
0.09471368789672852
0.09712612628936768
0.08043356239795685
0.09040389955043793
0.12683457136154175
0.12104006111621857
0.11653827875852585
0.1191522628068924
0.10066120326519012
0.0841582715511322
0.0902748629450798
0.10896635800600052
0.1010502427816391
0.0904039740562439
0.09528779983520508
0.0852024182677269
0.08637178689241409
0.0838434249162674
0.08435406535863876
0.09872464090585709
0.1014857366681099
0.10121767222881317
0.08357920497655869
0.0910666435956955
0.10187757760286331
0.09545214474201202
0.10244647413492203
0.0927589014172554
0.09240230917930603
0.08538159728050232
0.09085793048143387
0.08776210248470306
0.06707248091697693
0.07083108276128769
0.10810258239507675
0.07905828207731247
0.10210680961608887
0.09842970967292786
0.09783508628606796
0.08100182563066483
0.10987433046102524
0.10756096988916397
0.09069143235683441
0.08147989213466644
0.08264482766389847
0.10552041232585907
0.1000150814652443
0.11527272313833237
0.10513460636138916
0.14602483808994293
0.10135895013809204
0.11305946111679077
0.08896659314632416
0.08979742974042892
0.09847281128168106
0.10590623319149017
0.08254733681678772
0.08514756709337234
0.09545186161994934
0.09129129350185394
0.11873438954353333
0.07583275437355042
0.1063547283411026
0.0872720405459404
0.07716502249240875
0.08551035076379776
0.07276591658592224
0.1114790067076683
0.08583515137434006
0.08977095782756805
0.06235776096582413
0.0751953125
0.0859547033905983
0.08241332322359085
0.0786203071475029
0.08740037679672241
0.0683259591460228
0.07742581516504288
0.08640247583389282
0.0796864926815033
0.1036614254117012
0.12641602754592896
0.1175527274608612
0.0634603425860405
0.08203249424695969
0.0840003564953804
0.07152815908193588
0.07459782809019089
0.068628691136837
0.09357820451259613
0.07935935258865356
0.06827477365732193
0.07048667967319489
0.08199211210012436
0.08806344121694565
0.10565982758998871
0.07056222856044769
0.05606494098901749
0.07367762178182602
0.07276172935962677
0.08669254928827286
0.07986688613891602
0.08823782205581665
0.09970076382160187
0.0697285383939743
0.0855935588479042
0.07752490788698196
0.0757506787776947
0.10618387907743454
0.11088383197784424
0.13023985922336578
0.12443504482507706
0.10502714663743973
0.123450867831707
0.11721640825271606
0.12104202061891556
0.09253336489200592
0.09825563430786133
0.10002414137125015
0.09723928570747375
0.0994933694601059
0.13479003310203552
0.10913795232772827
0.08163398504257202
0.10461872071027756
0.06854133307933807
0.09295399487018585
0.1351013034582138
0.07073546200990677
0.07650890201330185
0.10362793505191803
0.09389942139387131
0.0783945769071579
0.08167778700590134
0.0931040346622467
0.10211458802223206
0.08525651693344116
0.09442125260829926
0.08585774898529053
0.08688141405582428
0.06437347829341888
0.061486732214689255
0.06545732915401459
0.05009046196937561
0.06962498277425766
0.05913956090807915
0.07849778234958649
0.07002158463001251
0.08590613305568695
0.12423717230558395
0.1042819619178772
0.09827212244272232
0.10478831827640533
0.07136046886444092
0.0681656152009964
0.11058758199214935
0.08026909828186035
0.09566911309957504
0.10216142982244492
0.09308527410030365
0.0799342542886734
0.09255138039588928
0.09939062595367432
0.09681351482868195
0.08840449154376984
0.07398439198732376
0.08392864465713501
0.09658488631248474
0.09118860960006714
0.08702300488948822
0.08533377945423126
0.07474278658628464
0.07930032908916473
0.09438100457191467
0.09469569474458694
0.0773400142788887
0.1157759428024292
0.08563096076250076
0.07819326221942902
0.07737405598163605
0.10916992276906967
0.10882165282964706
0.10700679570436478
0.11110848933458328
0.13079074025154114
0.11124981939792633
0.09294842183589935
0.11511126160621643
0.10521860420703888
0.08785717189311981
0.08565030992031097
0.08715928345918655
0.09476172924041748
0.07473596930503845
0.08473922312259674
0.0928630605340004
0.09987585246562958
0.0815519466996193
0.10577130317687988
0.09309688955545425
0.09832392632961273
0.09530989825725555
0.08343580365180969
0.10388167202472687
0.10781525820493698
0.09782885760068893
0.14441555738449097
0.12607701122760773
0.1428082138299942
0.10436081886291504
0.11434496939182281
0.11893334984779358
0.09940667450428009
0.0857115089893341
0.06770830601453781
0.11655391752719879
0.08827686309814453
0.09655407071113586
0.0864618718624115
0.10560400784015656
0.10078669339418411
0.09817610681056976
0.08770053088665009
0.07804489135742188
0.0952611118555069
0.08525128662586212
0.09548565000295639
0.07451944053173065
0.06121423467993736
0.06859903782606125
0.06977815181016922
0.0845954641699791
0.07871872931718826
0.07693604379892349
0.10065791755914688
0.08700916916131973
0.1105581745505333
0.09252338856458664
0.08708235621452332
0.07285093516111374
0.06183180212974548
0.08231464773416519
0.09191811829805374
0.09223707020282745
0.05988910421729088
0.06614314019680023
0.08298254013061523
0.0811944305896759
0.05888083949685097
0.08365332335233688
0.06121014058589935
0.07192008197307587
0.05760571360588074
0.07119709998369217
0.07890395820140839
0.05938282981514931
0.08188426494598389
0.08404991775751114
0.07940846681594849
0.07449516654014587
0.09171058237552643
0.10473232716321945
0.0681748017668724
0.07174500077962875
0.0921606793999672
0.06317486613988876
0.05992449074983597
0.0824681743979454
0.07123857736587524
0.07606065273284912
0.07845859974622726
0.07415403425693512
0.08347474038600922
0.11115469038486481
0.11730010062456131
0.0800006091594696
0.1043696254491806
0.10087980329990387
0.08965416997671127
0.09322772920131683
0.11079580336809158
0.08606290817260742
0.08894699066877365
0.09503825008869171
0.11218053102493286
0.0900995060801506
0.096835657954216
0.10402046889066696
0.10764846205711365
0.11907635629177094
0.11782095581293106
0.09892132878303528
0.09161976724863052
0.05976145714521408
0.05712362751364708
0.06408564001321793
0.05676018074154854
0.0819263756275177
0.07353855669498444
0.07429182529449463
0.10648129135370255
0.11060060560703278
0.11094512045383453
0.12800155580043793
0.12449836730957031
0.12032312899827957
0.14032818377017975
0.1060410737991333
0.07212135940790176
0.12386801093816757
0.07618936151266098
0.08622445911169052
0.10281123965978622
0.08451101928949356
0.09599467366933823
0.07517644017934799
0.07060477137565613
0.06449128687381744
0.04597332701086998
0.0649937093257904
0.06997743248939514
0.040614791214466095
0.06713470816612244
0.050984255969524384
0.08609776198863983
0.08239036053419113
0.08088285475969315
0.10577273368835449
0.11919742077589035
0.07895024120807648
0.06933221220970154
0.09444159269332886
0.07898291200399399
0.10065771639347076
0.09087014198303223
0.10192164033651352
0.10274332761764526
0.10950758308172226
0.09405005723237991
0.10635007917881012
0.05945661664009094
0.06391757726669312
0.0848417654633522
0.06802987307310104
0.09882022440433502
0.07081479579210281
0.07747948914766312
0.07478450238704681
0.10335642099380493
0.09167857468128204
0.10525518655776978
0.09354302287101746
0.10783091187477112
0.10192455351352692
0.09706904739141464
0.09150701761245728
0.09745127707719803
0.0898672342300415
0.0726594477891922
0.10756107419729233
0.08865316212177277
0.08224497735500336
0.07968306541442871
0.07948264479637146
0.09124524146318436
0.10895494371652603
0.10041626542806625
0.08490647375583649
0.09823454171419144
0.10714009404182434
0.09472692012786865
0.09678191691637039
0.0947900265455246
0.07078912854194641
0.0881911963224411
0.1104835718870163
0.09169066697359085
0.08439977467060089
0.0979691818356514
0.09478815644979477
0.05529332533478737
0.09159980714321136
0.06589151173830032
0.087354376912117
0.06960339099168777
0.08498682081699371
0.08747480809688568
0.0762035921216011
0.08916979283094406
0.07245688140392303
0.08300025016069412
0.07522457838058472
0.12312629073858261
0.07815159112215042
0.08207128942012787
0.0733674019575119
0.08771446347236633
0.10661530494689941
0.0776459127664566
0.08756018429994583
0.10286068916320801
0.0843118205666542
0.07718551158905029
0.09789067506790161
0.08758189529180527
0.10602480918169022
0.09961118549108505
0.08651208132505417
0.09185615181922913
0.11081511527299881
0.07942289113998413
0.09791052341461182
0.08825063705444336
0.07176931202411652
0.08206972479820251
0.054828740656375885
0.07689996063709259
0.06846658140420914
0.06214192137122154
0.08895304799079895
0.1435033679008484
0.15160846710205078
0.1345052421092987
0.1694284975528717
0.13030236959457397
0.15775273740291595
0.11008764058351517
0.15602006018161774
0.10112038254737854
0.1042739748954773
0.10227350145578384
0.1178320124745369
0.12056387960910797
0.09823407232761383
0.1123742014169693
0.11142437905073166
0.1005367785692215
0.10439184308052063
0.0912070944905281
0.11643517017364502
0.10511374473571777
0.15069636702537537
0.0903136134147644
0.11998654156923294
0.09604176878929138
0.12323350459337234
0.13036441802978516
0.08488034456968307
0.1096542552113533
0.13026374578475952
0.11764789372682571
0.11513503640890121
0.10358566045761108
0.0865911915898323
0.08960925787687302
0.1290736198425293
0.08622725307941437
0.11832396686077118
0.10733283311128616
0.10028771311044693
0.07908296585083008
0.09992698580026627
0.08556540310382843
0.08422350138425827
0.08187299966812134
0.08289302885532379
0.09186148643493652
0.08325973153114319
0.07468884438276291
0.07846978306770325
0.07453811913728714
0.06737232953310013
0.07094193249940872
0.08008439838886261
0.07780589908361435
0.05870981886982918
0.08923763781785965
0.08970969915390015
0.10398712754249573
0.1156308576464653
0.07482630759477615
0.10038122534751892
0.08157309144735336
0.05892319604754448
0.06448890268802643
0.052985306829214096
0.057446710765361786
0.07250562310218811
0.0821777731180191
0.06749536097049713
0.045027196407318115
0.05759095028042793
0.10599685460329056
0.07772788405418396
0.08578425645828247
0.09789641946554184
0.09781025350093842
0.13823354244232178
0.1148785948753357
0.08744402229785919
0.0784233808517456
0.08231904357671738
0.05272297188639641
0.05948660522699356
0.07187337428331375
0.07952538132667542
0.0840395838022232
0.057856056839227676
0.15291662514209747
0.14399708807468414
0.14689169824123383
0.1504892110824585
0.16602939367294312
0.1385834664106369
0.13523641228675842
0.1603296995162964
0.13152429461479187
0.12782786786556244
0.14052772521972656
0.13262256979942322
0.12606582045555115
0.11548210680484772
0.13261465728282928
0.12029572576284409
0.1091911643743515
0.07517503947019577
0.09378822892904282
0.09162940829992294
0.07505809515714645
0.0761103704571724
0.06328825652599335
0.073747918009758
0.09583592414855957
0.08574289083480835
0.11057364195585251
0.11600323766469955
0.11487063020467758
0.09290962666273117
0.10363776236772537
0.11072979122400284
0.08361933380365372
0.06648010015487671
0.0861826092004776
0.09681656956672668
0.10075054317712784
0.09663914144039154
0.07492074370384216
0.06623868644237518
0.07440640777349472
0.0706147700548172
0.08731070905923843
0.08110284805297852
0.07535967975854874
0.08701528608798981
0.08171539008617401
0.07794192433357239
0.09895339608192444
0.0884154811501503
0.09186740964651108
0.09559935331344604
0.0717206597328186
0.12093941867351532
0.07650400698184967
0.10021203756332397
0.13607431948184967
0.13408446311950684
0.13121876120567322
0.1435924470424652
0.1435929536819458
0.16088604927062988
0.11594776064157486
0.13197734951972961
0.07787691056728363
0.07695268094539642
0.13140684366226196
0.06974396854639053
0.07976197451353073
0.07374553382396698
0.09588778018951416
0.08274348080158234
0.0721718892455101
0.0802864283323288
0.06216225028038025
0.07913189381361008
0.06284816563129425
0.06345684081315994
0.08167646080255508
0.07370612025260925
0.0647960975766182
0.06769691407680511
0.09118715673685074
0.0924866795539856
0.06959576904773712
0.07127213478088379
0.07804621011018753
0.09017542749643326
0.0864773765206337
0.07735425978899002
0.05808604508638382
0.08780541270971298
0.07863661646842957
0.06496451050043106
0.07772638648748398
0.069514699280262
0.08617621660232544
0.08699426800012589
0.0705670639872551
0.11102676391601562
0.08616256713867188
0.094251349568367
0.08976593613624573
0.07937374711036682
0.08826448768377304
0.08026961982250214
0.09536848217248917
0.08106976747512817
0.07510211318731308
0.05785224959254265
0.10063423961400986
0.06961258500814438
0.066673144698143
0.07732117176055908
0.09487099945545197
0.0870855301618576
0.10287480801343918
0.08134081214666367
0.09806650876998901
0.08186562359333038
0.11697936058044434
0.10023404657840729
0.10747658461332321
0.08010057359933853
0.10399144887924194
0.10473665595054626
0.11182799935340881
0.10195238888263702
0.10684622079133987
0.09494386613368988
0.12586554884910583
0.13003599643707275
0.1460932195186615
0.13731001317501068
0.12038177996873856
0.13968709111213684
0.11417505145072937
0.10346708446741104
0.14108999073505402
0.12083379179239273
0.11222986876964569
0.14572003483772278
0.1142289936542511
0.12753336131572723
0.08270668238401413
0.08498384058475494
0.09647311270236969
0.07311511039733887
0.07503148913383484
0.09016153961420059
0.08517733216285706
0.06925288587808609
0.11046057939529419
0.1051110029220581
0.12292207032442093
0.10954448580741882
0.10440525412559509
0.11037812381982803
0.109453946352005
0.09952247887849808
0.08544417470693588
0.08791538327932358
0.10772162675857544
0.09808536618947983
0.09776163101196289
0.07858283817768097
0.07805835455656052
0.11144167184829712
0.07859300822019577
0.09389068931341171
0.08416910469532013
0.08514677733182907
0.10027971863746643
0.08823484927415848
0.07755188643932343
0.07158279418945312
0.11534811556339264
0.09463255107402802
0.09888992458581924
0.11889443546533585
0.09585478156805038
0.07855986058712006
0.08130230754613876
0.08018636703491211
0.0647539347410202
0.08454982936382294
0.07693072408437729
0.08632686734199524
0.07772708684206009
0.08023762702941895
0.08204177767038345
0.08193003386259079
0.06818757951259613
0.08132273703813553
0.06881983578205109
0.07316506654024124
0.0682893767952919
0.07704881578683853
0.06850583851337433
0.08825908601284027
0.08557304739952087
0.10779403150081635
0.08522295206785202
0.08228378742933273
0.09312892705202103
0.1001373678445816
0.09566281735897064
0.09479224681854248
0.10194088518619537
0.10064715892076492
0.11425702273845673
0.09698113799095154
0.09623806923627853
0.10364753007888794
0.08315026760101318
0.1050003319978714
0.09073934704065323
0.08476611971855164
0.05728321895003319
0.07674098014831543
0.08467330038547516
0.06968118250370026
0.07592794299125671
0.06305373460054398
0.06679467856884003
0.061553314328193665
0.09491560608148575
0.07444515079259872
0.08049740642309189
0.07767245918512344
0.07668954133987427
0.10308273136615753
0.07943186163902283
0.09523610025644302
0.09205178916454315
0.08442620933055878
0.06668104976415634
0.07167935371398926
0.08456487953662872
0.1051495224237442
0.12595006823539734
0.13034048676490784
0.13557617366313934
0.12342868745326996
0.14260026812553406
0.13498948514461517
0.11242072284221649
0.14379528164863586
0.08317149430513382
0.09502966701984406
0.10338602215051651
0.09362436830997467
0.09094446897506714
0.09821625798940659
0.09922333806753159
0.08376409113407135
0.10350855439901352
0.09609562158584595
0.07546012103557587
0.0690288245677948
0.09361528605222702
0.08285064995288849
0.09547825902700424
0.07611783593893051
0.13327175378799438
0.10180184990167618
0.10374483466148376
0.13983136415481567
0.12669844925403595
0.10359160602092743
0.12792304158210754
0.12100253999233246
0.08018303662538528
0.10832057148218155
0.11379018425941467
0.12237963080406189
0.12673978507518768
0.10639364272356033
0.11999679356813431
0.10903614014387131
0.058141645044088364
0.05125437676906586
0.07429459691047668
0.06418630480766296
0.07519190013408661
0.08408764749765396
0.08445893228054047
0.07960938662290573
0.09720305353403091
0.09699444472789764
0.08344320207834244
0.08599815517663956
0.08976662158966064
0.07981417328119278
0.0945638120174408
0.06332861632108688
0.08478326350450516
0.09919824451208115
0.09064110368490219
0.08125700056552887
0.10744135826826096
0.09384381771087646
0.0724220722913742
0.09841746836900711
0.0840715542435646
0.06802208721637726
0.07710893452167511
0.07240211218595505
0.09729276597499847
0.06184544414281845
0.09113626927137375
0.08478420972824097
0.08179644495248795
0.07140659540891647
0.054726939648389816
0.05138958990573883
0.07947422564029694
0.05678156390786171
0.06653617322444916
0.06493508815765381
0.04595869407057762
0.05868493765592575
0.05434151738882065
0.050152525305747986
0.04790458083152771
0.0652473047375679
0.04556986317038536
0.06494724750518799
0.061404407024383545
0.08461342751979828
0.0881783664226532
0.07289135456085205
0.06935446709394455
0.09234282374382019
0.06469772011041641
0.09609363973140717
0.07166075706481934
0.0790737047791481
0.10557521879673004
0.10880926251411438
0.06577266752719879
0.10706646740436554
0.1030811294913292
0.06920154392719269
0.11175929754972458
0.06385856866836548
0.06351768970489502
0.11483120173215866
0.06759066134691238
0.06426268070936203
0.09854021668434143
0.07503831386566162
0.07902384549379349
0.09231582283973694
0.09535855799913406
0.08011897653341293
0.08192750066518784
0.09838712960481644
0.09839144349098206
0.08788995444774628
0.06703206896781921
0.0647372454404831
0.06646031141281128
0.05714920163154602
0.0798332467675209
0.06747351586818695
0.05838136374950409
0.08832814544439316
0.12221407145261765
0.11248576641082764
0.09722607582807541
0.10679813474416733
0.10480201244354248
0.09193591773509979
0.11453226953744888
0.09530800580978394
0.10068177431821823
0.13491716980934143
0.12624479830265045
0.11990633606910706
0.12405964732170105
0.13935278356075287
0.14248104393482208
0.14816690981388092
0.07685261964797974
0.0916326567530632
0.07239712029695511
0.06580675393342972
0.07172244787216187
0.09584838151931763
0.10718205571174622
0.07095693051815033
0.07471700012683868
0.0909929946064949
0.09615329653024673
0.09678633511066437
0.0797266960144043
0.09353697299957275
0.08138837665319443
0.09037569165229797
0.0952712818980217
0.10027468204498291
0.08278969675302505
0.07916390895843506
0.07856492698192596
0.08183355629444122
0.0768999457359314
0.08486686646938324
0.11925065517425537
0.1150035411119461
0.09727973490953445
0.11695724725723267
0.08848869055509567
0.08299405872821808
0.09100182354450226
0.0835644081234932
0.08704230189323425
0.1060563251376152
0.0985695868730545
0.10255883634090424
0.11886496841907501
0.09121397882699966
0.09914587438106537
0.09769941121339798
0.07716941833496094
0.0728909820318222
0.06760576367378235
0.058558300137519836
0.0911017507314682
0.07323633134365082
0.08983008563518524
0.073453888297081
0.10644762217998505
0.11113860458135605
0.12448267638683319
0.14828595519065857
0.16359826922416687
0.12425930798053741
0.1240556612610817
0.11328577995300293
0.07261879742145538
0.09942881017923355
0.08248276263475418
0.07390274107456207
0.08004146814346313
0.05621003359556198
0.07137851417064667
0.059401750564575195
0.07686208188533783
0.06227266788482666
0.07895079255104065
0.07196472585201263
0.0746845081448555
0.07117988169193268
0.06242404133081436
0.0759509801864624
0.09198234230279922
0.12398319691419601
0.10607881844043732
0.10564000904560089
0.08228228241205215
0.10259855538606644
0.11173881590366364
0.1267077773809433
0.05821947753429413
0.06014193594455719
0.07985357195138931
0.061758652329444885
0.06783735752105713
0.05760198086500168
0.06142678111791611
0.0950385257601738
0.06725118309259415
0.10886895656585693
0.09548428654670715
0.0906640887260437
0.088049978017807
0.09145466983318329
0.09809062629938126
0.08657557517290115
0.0826093852519989
0.08362030982971191
0.10099184513092041
0.11161594092845917
0.11478409171104431
0.07989498972892761
0.09606041759252548
0.09223726391792297
0.08883089572191238
0.07863275706768036
0.08843037486076355
0.05920974165201187
0.08883674442768097
0.08331253379583359
0.07635335624217987
0.09226243942975998
0.10339422523975372
0.09768806397914886
0.08910895884037018
0.12439729273319244
0.09441279619932175
0.117118239402771
0.07691526412963867
0.0878208726644516
0.08875229209661484
0.0924939289689064
0.12057667970657349
0.10754384100437164
0.07746917009353638
0.11572189629077911
0.0998392254114151
0.10411342233419418
0.11956638097763062
0.09522758424282074
0.11986196041107178
0.11028416454792023
0.09307391941547394
0.1278274953365326
0.13834495842456818
0.1181158497929573
0.07987703382968903
0.0700104683637619
0.07861093431711197
0.08619749546051025
0.07325349003076553
0.08981986343860626
0.07568712532520294
0.07522965222597122
0.08672135323286057
0.08164731413125992
0.08513960987329483
0.07267064601182938
0.08502978086471558
0.09460604935884476
0.08826795965433121
0.07830124348402023
0.09723152220249176
0.07339813560247421
0.07893416285514832
0.08477283269166946
0.07236544042825699
0.09391789883375168
0.08793716132640839
0.09401778131723404
0.07902330160140991
0.055641308426856995
0.058871179819107056
0.07843898236751556
0.06505405902862549
0.06341797113418579
0.09393838047981262
0.06277067959308624
0.06363913416862488
0.07862310111522675
0.06149676442146301
0.0713864266872406
0.08150753378868103
0.05320527032017708
0.05798932537436485
0.07190517336130142
0.06898397207260132
0.08491693437099457
0.06431743502616882
0.0921805128455162
0.07163974642753601
0.07462871819734573
0.057424332946538925
0.08445516973733902
0.08476029336452484
0.08967749029397964
0.1231713742017746
0.08938029408454895
0.09474050253629684
0.08590598404407501
0.09006726741790771
0.09078039228916168
0.07193689793348312
0.07257714122533798
0.0744723379611969
0.06343330442905426
0.07372169196605682
0.06797455996274948
0.08794397860765457
0.05995411053299904
0.0799158364534378
0.07837224006652832
0.0842011421918869
0.09889838844537735
0.08217760920524597
0.10001714527606964
0.1090918481349945
0.07706599682569504
0.07164350152015686
0.06853942573070526
0.09639880061149597
0.08337350189685822
0.08060532808303833
0.08947857469320297
0.09442125260829926
0.10068746656179428
0.061364032328128815
0.0941602811217308
0.09005623310804367
0.10428281128406525
0.06023850291967392
0.0800774022936821
0.09693660587072372
0.07120369374752045
0.08569769561290741
0.08844000846147537
0.07794609665870667
0.1107557862997055
0.11521224677562714
0.08594252914190292
0.08930326253175735
0.09969095885753632
0.08701866120100021
0.07094345986843109
0.09254062175750732
0.08708830922842026
0.07521727681159973
0.07906483858823776
0.09309633076190948
0.07447490096092224
0.11125753074884415
0.11602708697319031
0.12006944417953491
0.11294300854206085
0.1279560923576355
0.12395409494638443
0.10706661641597748
0.10680556297302246
0.07681691646575928
0.08040601015090942
0.08123072981834412
0.08249354362487793
0.10382018983364105
0.07712870836257935
0.07105293869972229
0.08455606549978256
0.09057529270648956
0.10968270152807236
0.10124038904905319
0.11669992655515671
0.1263909935951233
0.10037054121494293
0.12372342497110367
0.11300788819789886
0.1080935150384903
0.10075001418590546
0.08108647912740707
0.12129756063222885
0.12040804326534271
0.10447728633880615
0.10713879019021988
0.10201850533485413
0.12683668732643127
0.14984631538391113
0.1279274970293045
0.09568776935338974
0.10742423683404922
0.11161702871322632
0.10422390699386597
0.10939157754182816
0.09001592546701431
0.06437662243843079
0.06358016282320023
0.09612597525119781
0.08283142000436783
0.09117668122053146
0.07990735024213791
0.07195362448692322
0.10734167695045471
0.11252960562705994
0.13569767773151398
0.0980171337723732
0.09539896994829178
0.10723575949668884
0.0688299611210823
0.10255521535873413
0.07940500974655151
0.08689267933368683
0.08182601630687714
0.10871265828609467
0.08053142577409744
0.0876731351017952
0.07119280844926834
0.07597681134939194
0.08461303263902664
0.08794550597667694
0.0832229033112526
0.08196404576301575
0.06629087775945663
0.09028921276330948
0.08071540296077728
0.0880463719367981
0.08570300787687302
0.09023430198431015
0.09188534319400787
0.09942325204610825
0.0884949266910553
0.08738504350185394
0.08146603405475616
0.1036880761384964
0.08792947977781296
0.10373542457818985
0.09296240657567978
0.10431260615587234
0.09421858191490173
0.09143681079149246
0.08168354630470276
0.07593318819999695
0.08403969556093216
0.0798124298453331
0.07817944884300232
0.07720275968313217
0.08829599618911743
0.08230181783437729
0.0848708227276802
0.08047749847173691
0.11148937046527863
0.09580342471599579
0.08707887679338455
0.08758719265460968
0.11808137595653534
0.0922446995973587
0.09826155751943588
0.09716863930225372
0.07092007994651794
0.06190212070941925
0.055062565952539444
0.06697157770395279
0.0654405802488327
0.06947310268878937
0.07037509977817535
0.06547792255878448
0.0827827900648117
0.0615914985537529
0.05577092245221138
0.0500682070851326
0.061480503529310226
0.061440613120794296
0.056831736117601395
0.069892518222332
0.0964219719171524
0.0880664512515068
0.08385076373815536
0.09724762290716171
0.09427954256534576
0.09086285531520844
0.08248129487037659
0.0840252935886383
0.08601641654968262
0.09724254161119461
0.07126773148775101
0.08578437566757202
0.12745225429534912
0.07625793665647507
0.07875718176364899
0.08055463433265686
0.07865394651889801
0.08909354358911514
0.12312644720077515
0.08349768072366714
0.07744824141263962
0.07826917618513107
0.07767710089683533
0.08387661725282669
0.0793524906039238
0.09808612614870071
0.08680944889783859
0.0788063257932663
0.09684710949659348
0.0662754625082016
0.08097067475318909
0.0967700332403183
0.08475342392921448
0.058079808950424194
0.10285826027393341
0.07098036259412766
0.10853441059589386
0.07879598438739777
0.07570866495370865
0.08083682507276535
0.05525973066687584
0.05533258989453316
0.0916457548737526
0.08338519185781479
0.05116519331932068
0.06256583333015442
0.09425055235624313
0.061270199716091156
0.08609017729759216
0.10141517966985703
0.08515949547290802
0.06288647651672363
0.0846349224448204
0.08304394781589508
0.09307057410478592
0.08447440713644028
0.08588292449712753
0.08719488233327866
0.08531104773283005
0.07961020618677139
0.08845429122447968
0.09039200842380524
0.09960762411355972
0.07179925590753555
0.07310234010219574
0.07184157520532608
0.07302558422088623
0.07386289536952972
0.0706661269068718
0.07855840027332306
0.07085593789815903
0.04909335821866989
0.07929496467113495
0.08414231985807419
0.06623633950948715
0.0675656646490097
0.07301006466150284
0.0853964164853096
0.11115186661481857
0.07480847090482712
0.07762559503316879
0.06986869871616364
0.0879938006401062
0.08165378868579865
0.07710736989974976
0.07128113508224487
0.06514695286750793
0.0873975083231926
0.09953458607196808
0.09525775164365768
0.07790272682905197
0.1111525371670723
0.0893426388502121
0.07907941937446594
0.07942730188369751
0.08591658622026443
0.083259217441082
0.1044924408197403
0.07597734034061432
0.07298310846090317
0.07568742334842682
0.08436255156993866
0.08069270104169846
0.0760393813252449
0.11096112430095673
0.12181803584098816
0.12424115836620331
0.11034788191318512
0.11012616008520126
0.12081988155841827
0.11163298785686493
0.12266509234905243
0.06400583684444427
0.08950118720531464
0.0700593963265419
0.08914971351623535
0.06971050798892975
0.08572958409786224
0.08522287011146545
0.08605540543794632
0.08652229607105255
0.07119399309158325
0.07676956057548523
0.07435082644224167
0.09275806695222855
0.07538526505231857
0.06624802947044373
0.09636414796113968
0.10513865947723389
0.08970559388399124
0.08526460826396942
0.10226938873529434
0.10399794578552246
0.1107899621129036
0.10146970301866531
0.10246645659208298
0.07490485906600952
0.09840717166662216
0.08905289322137833
0.09534165263175964
0.09476517885923386
0.08779963850975037
0.07755249738693237
0.07411769032478333
0.10232004523277283
0.11681833863258362
0.09618820995092392
0.09447510540485382
0.09132741391658783
0.0687500536441803
0.11604004353284836
0.08404099196195602
0.10977009683847427
0.09238160401582718
0.10389120876789093
0.08699970692396164
0.08201415836811066
0.10875493288040161
0.10821303725242615
0.10378977656364441
0.08880628645420074
0.07955236732959747
0.07153882086277008
0.07916601002216339
0.06620984524488449
0.07838573306798935
0.07663186639547348
0.08155260980129242
0.0813753604888916
0.08524351567029953
0.08479028940200806
0.0712507888674736
0.07735075056552887
0.0638304203748703
0.07403191924095154
0.09357331693172455
0.0715215876698494
0.055796027183532715
0.0720231682062149
0.058742787688970566
0.05579383671283722
0.06050444021821022
0.06370587646961212
0.06005072593688965
0.07579420506954193
0.08753474801778793
0.06106919050216675
0.07279308140277863
0.0690067708492279
0.07882853597402573
0.07710068672895432
0.07469270378351212
0.11030510067939758
0.0808006227016449
0.08080422133207321
0.07880432158708572
0.0926467627286911
0.08524225652217865
0.06730062514543533
0.07955355197191238
0.08874431997537613
0.09336382895708084
0.08766506612300873
0.11164693534374237
0.073526531457901
0.0840296521782875
0.09592577815055847
0.08361423760652542
0.06664423644542694
0.07736418396234512
0.07390560209751129
0.0652952790260315
0.0622909814119339
0.07638352364301682
0.09422165155410767
0.07759655267000198
0.06878512352705002
0.08668588101863861
0.07381808757781982
0.0736904963850975
0.08434653282165527
0.07091730833053589
0.06926426291465759
0.05637890845537186
0.09625347703695297
0.12584587931632996
0.08253162354230881
0.07133695483207703
0.08436377346515656
0.08054032176733017
0.0999528244137764
0.07928018271923065
0.10344070941209793
0.11987211555242538
0.09414749592542648
0.10744042694568634
0.10853330045938492
0.09471707046031952
0.10471020638942719
0.10963564366102219
0.09202975034713745
0.10108587145805359
0.061503902077674866
0.06815850734710693
0.06320084631443024
0.057296425104141235
0.0765746608376503
0.06303880363702774
0.10060583800077438
0.08450587093830109
0.10310539603233337
0.09190977364778519
0.10500688850879669
0.09807726740837097
0.11468777060508728
0.1168597936630249
0.06667120009660721
0.05667336285114288
0.05128907039761543
0.05211589112877846
0.08036600798368454
0.07078605145215988
0.05746660381555557
0.052381932735443115
0.057536929845809937
0.06048092246055603
0.042558521032333374
0.060334865003824234
0.05289183184504509
0.07964999228715897
0.057397276163101196
0.05185313895344734
0.1075126975774765
0.15085694193840027
0.13834866881370544
0.1070079356431961
0.10447978973388672
0.1433117538690567
0.130625918507576
0.12991884350776672
0.09804242104291916
0.06816031783819199
0.06640239804983139
0.07858573645353317
0.10355005413293839
0.08001108467578888
0.11386997997760773
0.07447671890258789
0.098462775349617
0.08587879687547684
0.0860607922077179
0.08529149740934372
0.08247687667608261
0.09636673331260681
0.11260446906089783
0.09583012759685516
0.05214957147836685
0.07517305016517639
0.0590662807226181
0.05364977568387985
0.07447680085897446
0.0654667317867279
0.07939818501472473
0.054655469954013824
0.06181491166353226
0.058841221034526825
0.07378694415092468
0.07060055434703827
0.06175995245575905
0.07864466309547424
0.06278447806835175
0.06212150305509567
0.12020612508058548
0.09178005903959274
0.10505229979753494
0.10263506323099136
0.1082177460193634
0.10739701986312866
0.10886749625205994
0.11457636952400208
0.10109129548072815
0.059124067425727844
0.09201090782880783
0.08252331614494324
0.07586289197206497
0.07126787304878235
0.09329873323440552
0.0743858590722084
0.07447871565818787
0.0913967490196228
0.09565065056085587
0.07576294988393784
0.09341700375080109
0.08968943357467651
0.0856972262263298
0.1021292507648468
0.07975276559591293
0.08528159558773041
0.08508338779211044
0.09415575116872787
0.11656820774078369
0.11494752764701843
0.10139302909374237
0.11964324116706848
0.10068594664335251
0.0712847113609314
0.06973616033792496
0.10220441967248917
0.08083472400903702
0.11126825213432312
0.09269680082798004
0.08662886172533035
0.0753013864159584
0.07157481461763382
0.0875527560710907
0.10057373344898224
0.11409781873226166
0.0758940577507019
0.0827176570892334
0.10702446103096008
0.10285236686468124
0.09833606332540512
0.09930349886417389
0.08836691081523895
0.07097285985946655
0.10116789489984512
0.07900138944387436
0.0921776071190834
0.06399707496166229
0.07908964902162552
0.06732998043298721
0.0637679398059845
0.06729070097208023
0.0910043865442276
0.07824576646089554
0.08870075643062592
0.07635901123285294
0.07856143265962601
0.05029606074094772
0.0674554854631424
0.06551401317119598
0.05341402068734169
0.07434825599193573
0.060465965420007706
0.07878457009792328
0.06295987218618393
0.0689486712217331
0.06584669649600983
0.06258095800876617
0.05735555291175842
0.06160370260477066
0.05192731320858002
0.06431425362825394
0.05849785357713699
0.07441022992134094
0.06381143629550934
0.0746619924902916
0.08753587305545807
0.09109478443861008
0.07299075275659561
0.08288856595754623
0.06933129578828812
0.08669556677341461
0.07171694189310074
0.09761479496955872
0.12361794710159302
0.09363053739070892
0.10181160271167755
0.11472270637750626
0.083164282143116
0.09478084743022919
0.13523250818252563
0.08645150810480118
0.11551488935947418
0.0932653471827507
0.11469794809818268
0.0779561847448349
0.0777318924665451
0.07361502200365067
0.07046299427747726
0.08204896748065948
0.07498098164796829
0.07816778868436813
0.0735577866435051
0.09892198443412781
0.08001430332660675
0.12246090918779373
0.10818013548851013
0.08828773349523544
0.1020035669207573
0.08201000839471817
0.09369398653507233
0.06039877235889435
0.07892238348722458
0.07414151728153229
0.06939665228128433
0.05928567796945572
0.0633128210902214
0.07591335475444794
0.06795453280210495
0.07505408674478531
0.06981616467237473
0.06729419529438019
0.07662642002105713
0.08198268711566925
0.08349133282899857
0.08215487003326416
0.06454839557409286
0.08771709352731705
0.05969264358282089
0.07276996225118637
0.0742078572511673
0.05838381499052048
0.08345403522253036
0.07265056669712067
0.0817510336637497
0.04247688129544258
0.055479746311903
0.05194621905684471
0.05308094620704651
0.055463261902332306
0.06710810959339142
0.07388255000114441
0.07200342416763306
0.08768603205680847
0.08636650443077087
0.06463166326284409
0.08125071972608566
0.07179783284664154
0.08365614712238312
0.08819152414798737
0.07834212481975555
0.08227072656154633
0.051785245537757874
0.07633736729621887
0.08092571049928665
0.06984740495681763
0.09063322842121124
0.061765406280756
0.0654103085398674
0.09489903599023819
0.07329098880290985
0.09645405411720276
0.07995453476905823
0.09764360636472702
0.11323675513267517
0.08156032115221024
0.09847018122673035
0.09541284292936325
0.05957924947142601
0.060592908412218094
0.052903272211551666
0.05236789584159851
0.0488356277346611
0.06457172334194183
0.05124736577272415
0.07411616295576096
0.057808902114629745
0.07019484043121338
0.07351161539554596
0.05865275859832764
0.06288138031959534
0.060524243861436844
0.0696968287229538
0.07113030552864075
0.06067447364330292
0.09429789334535599
0.06594811379909515
0.07248184084892273
0.07654166221618652
0.07645867764949799
0.06631535291671753
0.08232179284095764
0.09505850076675415
0.08834987878799438
0.07970745116472244
0.07849711924791336
0.08699683845043182
0.0836934745311737
0.08396211266517639
0.0740586668252945
0.07499472051858902
0.07244022935628891
0.10567863285541534
0.0926114171743393
0.11091934144496918
0.07424810528755188
0.09020882844924927
0.12223725765943527
0.14719799160957336
0.12223760783672333
0.12336686253547668
0.12757514417171478
0.11563130468130112
0.11364353448152542
0.1309300810098648
0.09020250290632248
0.08014024049043655
0.08232337236404419
0.0732419490814209
0.09487754106521606
0.08578244596719742
0.09868060797452927
0.09140437096357346
0.07311199605464935
0.06336911022663116
0.06771879643201828
0.07889009267091751
0.07167734950780869
0.074542336165905
0.08892848342657089
0.06926694512367249
0.08403877913951874
0.08417905867099762
0.06177902966737747
0.08106157183647156
0.08408769220113754
0.07895193248987198
0.07841775566339493
0.07589909434318542
0.07306279987096786
0.06596001982688904
0.09193620085716248
0.08165762573480606
0.07076599448919296
0.10961006581783295
0.08078332990407944
0.08299816399812698
0.08154533058404922
0.06650061905384064
0.06932810693979263
0.05934104323387146
0.061210185289382935
0.08505284786224365
0.06617170572280884
0.0716492235660553
0.12182887643575668
0.14637909829616547
0.10040063410997391
0.1334501951932907
0.10449378192424774
0.12202277034521103
0.12838590145111084
0.12094756960868835
0.11807621270418167
0.12379330396652222
0.09624794125556946
0.1160074844956398
0.12260647863149643
0.11696009337902069
0.13221897184848785
0.13633204996585846
0.09710709750652313
0.11857001483440399
0.11419644206762314
0.11348871886730194
0.0901283398270607
0.12596264481544495
0.09641210734844208
0.09386235475540161
0.10345655679702759
0.10322289168834686
0.08866658806800842
0.13445940613746643
0.10307412594556808
0.10949135571718216
0.09486439824104309
0.10526047646999359
0.07049363106489182
0.07141552865505219
0.09131143242120743
0.06490713357925415
0.08801537752151489
0.06755082309246063
0.09580803662538528
0.08056560158729553
0.06474712491035461
0.07065019011497498
0.07825454324483871
0.06798098236322403
0.0670921728014946
0.09827965497970581
0.0776674896478653
0.07257545739412308
0.09225454926490784
0.09117159247398376
0.08036251366138458
0.09758150577545166
0.09820647537708282
0.10905741155147552
0.11082781851291656
0.08270642906427383
0.14151531457901
0.12494058907032013
0.09064046293497086
0.11906630545854568
0.1123947948217392
0.11447487026453018
0.1001657247543335
0.0743279829621315
0.12289442867040634
0.08606177568435669
0.07849850505590439
0.0990232303738594
0.10752216726541519
0.09720740467309952
0.09510405361652374
0.07995138317346573
0.06334070861339569
0.06646504998207092
0.06588616222143173
0.08616384118795395
0.06483601033687592
0.0976760983467102
0.06740671396255493
0.08028978109359741
0.0732186883687973
0.07397386431694031
0.06389869749546051
0.04557039588689804
0.08375601470470428
0.08346719294786453
0.05704987049102783
0.09267443418502808
0.07343170046806335
0.07549456506967545
0.07884205877780914
0.08310156315565109
0.07647868245840073
0.06428319215774536
0.06608311831951141
0.0864848718047142
0.10701542347669601
0.07791770249605179
0.0933864489197731
0.10456464439630508
0.10503833740949631
0.10453653335571289
0.12645882368087769
0.1368781477212906
0.09974612295627594
0.1000080481171608
0.08101972192525864
0.07292671501636505
0.08778130263090134
0.06817389279603958
0.07163983583450317
0.11008703708648682
0.0691852942109108
0.09608262032270432
0.11720988154411316
0.08337372541427612
0.10067678242921829
0.09881219267845154
0.09281829744577408
0.08837001025676727
0.08574528247117996
0.14278827607631683
0.09316631406545639
0.12292268127202988
0.11259739100933075
0.13578826189041138
0.14403611421585083
0.13141804933547974
0.08054723590612411
0.0714816302061081
0.08498529344797134
0.10409058630466461
0.07403239607810974
0.08079425990581512
0.08596700429916382
0.0787457600235939
0.0820625051856041
0.08547824621200562
0.070757657289505
0.07195118814706802
0.0678282082080841
0.08159895241260529
0.07732705771923065
0.06706468015909195
0.0611325204372406
0.06122714281082153
0.06387584656476974
0.06639488786458969
0.08203533291816711
0.07677312195301056
0.06737063825130463
0.08540909737348557
0.08303016424179077
0.08360878378152847
0.06628444045782089
0.09526032954454422
0.07334234565496445
0.07068805396556854
0.06500566005706787
0.09303948283195496
0.10205002874135971
0.11217869818210602
0.10416369140148163
0.1090165302157402
0.10469666868448257
0.11691322177648544
0.09936849027872086
0.10280263423919678
0.06341853737831116
0.05075382441282272
0.05739679932594299
0.0755937397480011
0.08039320260286331
0.06889316439628601
0.05443790555000305
0.06718430668115616
0.10901565104722977
0.14807800948619843
0.13006015121936798
0.0947841927409172
0.12162419408559799
0.14323152601718903
0.14105366170406342
0.1103743314743042
0.10365762561559677
0.12377436459064484
0.10287188738584518
0.12434558570384979
0.10797414183616638
0.1256394386291504
0.10357661545276642
0.13356582820415497
0.08137378096580505
0.105799600481987
0.0822165384888649
0.09625539183616638
0.10335203260183334
0.07917115837335587
0.0899917483329773
0.0837429016828537
0.12346214056015015
0.11863518506288528
0.13528785109519958
0.12877148389816284
0.13543400168418884
0.11586078256368637
0.13068613409996033
0.13738706707954407
0.08893651515245438
0.0818650871515274
0.06630817800760269
0.0677846297621727
0.08627942204475403
0.07454361766576767
0.09690938889980316
0.08627624064683914
0.0816458985209465
0.08988427370786667
0.07760873436927795
0.08661161363124847
0.07731681317090988
0.10073372721672058
0.06323735415935516
0.08397237956523895
0.08303430676460266
0.12761244177818298
0.09776623547077179
0.09039714932441711
0.10869506001472473
0.08279909193515778
0.12156257778406143
0.09862347692251205
0.08968902379274368
0.06025884300470352
0.0651678591966629
0.07307764142751694
0.08772426098585129
0.05435448884963989
0.0785592570900917
0.07907022535800934
0.11518856883049011
0.10448271036148071
0.10987848788499832
0.10708257555961609
0.10024192929267883
0.08598323911428452
0.09440035372972488
0.0996868908405304
0.13155174255371094
0.07908116281032562
0.09399646520614624
0.09661828726530075
0.10006528347730637
0.09894365072250366
0.08047345280647278
0.10952630639076233
0.08446982502937317
0.06245799362659454
0.06160862371325493
0.0730261579155922
0.0577804371714592
0.06575000286102295
0.06680009514093399
0.06599146872758865
0.08490726351737976
0.08310715109109879
0.09024322777986526
0.08669531345367432
0.08614180237054825
0.07542391121387482
0.0787481963634491
0.08522061258554459
0.0930275246500969
0.11780795454978943
0.08912090957164764
0.08838619291782379
0.08511620759963989
0.09464506804943085
0.063785620033741
0.07404268532991409
0.08606676757335663
0.08829540759325027
0.10292459279298782
0.09528061747550964
0.1039922684431076
0.07887658476829529
0.07618660479784012
0.08800460398197174
0.06627202033996582
0.07564741373062134
0.07757662981748581
0.04668018966913223
0.07095730304718018
0.056442782282829285
0.06567631661891937
0.059537533670663834
0.09327572584152222
0.09609600901603699
0.09346505999565125
0.12200310826301575
0.08628228306770325
0.08319994062185287
0.0954328402876854
0.09326717257499695
0.11797146499156952
0.09736543148756027
0.08591321110725403
0.06846241652965546
0.12172989547252655
0.0771871879696846
0.0899750143289566
0.07657957077026367
0.07813717424869537
0.0810438022017479
0.059544194489717484
0.0746779665350914
0.09234558045864105
0.07738827168941498
0.06625602394342422
0.0772152841091156
0.08116917312145233
0.06686302274465561
0.08641572296619415
0.07599760591983795
0.07177995890378952
0.09173861891031265
0.08493344485759735
0.06390731781721115
0.07496431469917297
0.08359216898679733
0.07122793048620224
0.0639444887638092
0.06104167178273201
0.0654812902212143
0.07404933124780655
0.07527361065149307
0.10236494243144989
0.1090673878788948
0.11428044736385345
0.12160592526197433
0.09328117221593857
0.09963031113147736
0.12288093566894531
0.11967961490154266
0.06406249850988388
0.07927662879228592
0.06844227015972137
0.07746522128582001
0.07974075525999069
0.07045653462409973
0.08505793660879135
0.08280789107084274
0.08550971746444702
0.09214670956134796
0.08833148330450058
0.06973704695701599
0.10574711859226227
0.08411667495965958
0.09143422544002533
0.11465159803628922
0.06904684752225876
0.08994260430335999
0.0774347186088562
0.07643738389015198
0.08407905697822571
0.07043009251356125
0.10633584856987
0.0702703520655632
0.0816991925239563
0.0943557471036911
0.08346622437238693
0.07726849615573883
0.08460485190153122
0.09814392030239105
0.07850117236375809
0.0915834829211235
0.08075481653213501
0.07856207340955734
0.0861487165093422
0.08311539143323898
0.07909674942493439
0.08511843532323837
0.07243464887142181
0.06010837107896805
0.11147783696651459
0.08122573047876358
0.07662488520145416
0.08289329707622528
0.09295114129781723
0.08634912222623825
0.08113536238670349
0.08363619446754456
0.07769377529621124
0.07023249566555023
0.07909396290779114
0.07233913242816925
0.07226955890655518
0.07803042978048325
0.08850963413715363
0.08266077190637589
0.08417932689189911
0.07262606173753738
0.08163069933652878
0.0937911793589592
0.0773831158876419
0.08981842547655106
0.09233151376247406
0.08220077306032181
0.0608273446559906
0.07795919477939606
0.08049167692661285
0.06902597099542618
0.07323780655860901
0.08746843039989471
0.08153678476810455
0.07487393915653229
0.11634840816259384
0.09201070666313171
0.0915282592177391
0.08961497247219086
0.11538591235876083
0.08463221043348312
0.08372357487678528
0.11547225713729858
0.12636235356330872
0.12214358896017075
0.1058439314365387
0.09467451274394989
0.10466572642326355
0.10115313529968262
0.11925606429576874
0.12734079360961914
0.06590404361486435
0.08122130483388901
0.0674007385969162
0.07322952896356583
0.07126995921134949
0.0962907075881958
0.08461510390043259
0.06333471834659576
0.07656598836183548
0.09890978038311005
0.07481124997138977
0.0915825143456459
0.09717061370611191
0.08944540470838547
0.08912523090839386
0.07916850596666336
0.07801703363656998
0.09590060263872147
0.08705538511276245
0.08585664629936218
0.07709860801696777
0.07629700005054474
0.07891274243593216
0.08213924616575241
0.07045925408601761
0.07048064470291138
0.0863698273897171
0.05713190883398056
0.0714436024427414
0.060430772602558136
0.07690249383449554
0.05805100500583649
0.08438509702682495
0.09500879794359207
0.06854821741580963
0.11211999505758286
0.07594265043735504
0.09623824059963226
0.09257940948009491
0.08095302432775497
0.06073476001620293
0.07839175313711166
0.07720017433166504
0.06921088695526123
0.054758116602897644
0.0672900453209877
0.06751973927021027
0.0707257017493248
0.07568968832492828
0.10124821215867996
0.07273012399673462
0.0667685940861702
0.06710289418697357
0.0920480489730835
0.09746649861335754
0.087256520986557
0.05562686175107956
0.08663223683834076
0.08920629322528839
0.07141131162643433
0.05956103652715683
0.08612372726202011
0.08249431103467941
0.07586593925952911
0.07437500357627869
0.06817735731601715
0.08165237307548523
0.08241051435470581
0.06764978915452957
0.06824420392513275
0.10057836025953293
0.09301367402076721
0.07187490165233612
0.09114273637533188
0.08636196702718735
0.07344146817922592
0.07302427291870117
0.08139920234680176
0.06867416203022003
0.08309413492679596
0.10303239524364471
0.10523480921983719
0.1015729010105133
0.0990811213850975
0.09870000928640366
0.09308098256587982
0.10056465119123459
0.10479719936847687
0.07560397684574127
0.08372598886489868
0.10384377837181091
0.09352630376815796
0.09734342247247696
0.0749475508928299
0.06370436400175095
0.06324638426303864
0.05755486339330673
0.06702233850955963
0.07681292295455933
0.06236663833260536
0.07832358777523041
0.06818078458309174
0.07659295946359634
0.052463240921497345
0.10296225547790527
0.10151936113834381
0.09185753762722015
0.09256409108638763
0.07683821022510529
0.09723478555679321
0.07701046764850616
0.11039698123931885
0.07864876091480255
0.06835753470659256
0.06666113436222076
0.09030764549970627
0.057735592126846313
0.0784347653388977
0.06544914096593857
0.06661519408226013
0.06573756039142609
0.07513754069805145
0.09260684251785278
0.0879523754119873
0.09936203807592392
0.0957392156124115
0.09707356989383698
0.08077927678823471
0.0578458346426487
0.06837761402130127
0.07307866215705872
0.07374368607997894
0.06494572758674622
0.08399666100740433
0.07161977142095566
0.06700937449932098
0.08837684243917465
0.10078771412372589
0.12071484327316284
0.09442821145057678
0.09865820407867432
0.11307021230459213
0.09003899246454239
0.10397955030202866
0.07971195131540298
0.09761744737625122
0.11900866776704788
0.07905035465955734
0.09912261366844177
0.11686810106039047
0.0887054055929184
0.1060260683298111
0.08472131192684174
0.09347278624773026
0.10596577078104019
0.09494495391845703
0.08592262864112854
0.09174351394176483
0.08315984904766083
0.08778004348278046
0.07264319807291031
0.06585799157619476
0.08431410789489746
0.08695851266384125
0.07155177742242813
0.08371065557003021
0.06705547869205475
0.0896153524518013
0.0740031749010086
0.0677715465426445
0.08721666783094406
0.06896056234836578
0.08522361516952515
0.06929899752140045
0.07023991644382477
0.08588888496160507
0.07836059480905533
0.08394245058298111
0.08550644665956497
0.0983380377292633
0.067849300801754
0.08617878705263138
0.08019394427537918
0.06890125572681427
0.07439139485359192
0.07836103439331055
0.06650140881538391
0.08099881559610367
0.08841882646083832
0.06972672045230865
0.07241807878017426
0.07782609760761261
0.07476631551980972
0.06622601300477982
0.08798065781593323
0.06352156400680542
0.06984660029411316
0.060956668108701706
0.08011141419410706
0.06967909634113312
0.09772893786430359
0.10469561815261841
0.098537877202034
0.11390463262796402
0.10862355679273605
0.10128454864025116
0.10245629400014877
0.08966558426618576
0.08661288768053055
0.0937909260392189
0.06059250980615616
0.09034759551286697
0.08116532117128372
0.0855841189622879
0.07425659149885178
0.06912507116794586
0.10692669451236725
0.08417662978172302
0.08071010559797287
0.07113364338874817
0.09877630323171616
0.0795276090502739
0.08282527327537537
0.08632556349039078
0.1559956818819046
0.1296582818031311
0.15485058724880219
0.13187134265899658
0.1457800418138504
0.14945973455905914
0.12522049248218536
0.14430642127990723
0.07345177233219147
0.07741723209619522
0.08755727112293243
0.08509250730276108
0.09688703715801239
0.06083741411566734
0.06579119712114334
0.12026944756507874
0.13777345418930054
0.13850031793117523
0.1401856243610382
0.13784074783325195
0.12123779207468033
0.12983112037181854
0.11624138057231903
0.16696737706661224
0.08363999426364899
0.09178265184164047
0.09322988241910934
0.07194499671459198
0.0741870328783989
0.06199122220277786
0.06897257268428802
0.0770055502653122
0.08690781891345978
0.0851244106888771
0.07297161221504211
0.0799744576215744
0.07329603284597397
0.06833425164222717
0.08267267048358917
0.06793947517871857
0.09405845403671265
0.07576121389865875
0.09871251881122589
0.09626549482345581
0.1151902973651886
0.0918794572353363
0.09783045947551727
0.09227535873651505
0.08080882579088211
0.07605203986167908
0.07537614554166794
0.07379323244094849
0.12976232171058655
0.06114710122346878
0.06889916211366653
0.07929128408432007
0.1076105609536171
0.1206110492348671
0.10340514779090881
0.1070699393749237
0.10977473109960556
0.10083616524934769
0.12399613112211227
0.10162611305713654
0.06864533573389053
0.07536441087722778
0.09827472269535065
0.07034855335950851
0.06279047578573227
0.0778406634926796
0.08486320078372955
0.07823444902896881
0.09960198402404785
0.07542841881513596
0.08696004003286362
0.0890955701470375
0.0682634636759758
0.07687211781740189
0.07401668280363083
0.11638987809419632
0.08880038559436798
0.08843250572681427
0.0969168022274971
0.08047817647457123
0.07563045620918274
0.08183955401182175
0.08095188438892365
0.073318712413311
0.07268626242876053
0.05797886848449707
0.06757864356040955
0.060216523706912994
0.054593171924352646
0.06011882424354553
0.07452475279569626
0.04970934987068176
0.11115822196006775
0.1033053994178772
0.10697786509990692
0.10348563641309738
0.10832895338535309
0.08915244042873383
0.11269962042570114
0.10660594701766968
0.05313172936439514
0.06707858294248581
0.04369750991463661
0.0462304949760437
0.0406484417617321
0.043192099779844284
0.04843571037054062
0.06296351552009583
0.0698324665427208
0.07959283888339996
0.11500579863786697
0.05762346088886261
0.08461257815361023
0.07223297655582428
0.06186733394861221
0.09370949864387512
0.08250289410352707
0.07259251922369003
0.09615235030651093
0.06439223885536194
0.08433216065168381
0.10345304012298584
0.0759521871805191
0.09744077920913696
0.075650155544281
0.08464197814464569
0.0880359411239624
0.08486638218164444
0.0809512808918953
0.08149272203445435
0.08677393198013306
0.08641479164361954
0.08047908544540405
0.1119261384010315
0.09102119505405426
0.08918654173612595
0.08828777819871902
0.09497062116861343
0.090739905834198
0.07949049770832062
0.11880936473608017
0.11225920915603638
0.1044773980975151
0.1365889459848404
0.11782698333263397
0.10351985692977905
0.12226161360740662
0.09904605150222778
0.0828305333852768
0.07566971331834793
0.07558141648769379
0.07914263755083084
0.06307202577590942
0.07551883161067963
0.06993895024061203
0.08738525211811066
0.07134348899126053
0.07888565212488174
0.09069903194904327
0.07908929884433746
0.09012168645858765
0.09600584208965302
0.10574096441268921
0.09394512325525284
0.11113006621599197
0.12313982844352722
0.12153784930706024
0.1078062653541565
0.09206165373325348
0.11093857884407043
0.11678443104028702
0.08684242516756058
0.09541963040828705
0.09848861396312714
0.09880854934453964
0.08406064659357071
0.10155905783176422
0.0902654379606247
0.11254851520061493
0.1184893250465393
0.11719682812690735
0.10082865506410599
0.11165861040353775
0.10111288726329803
0.07674252986907959
0.0869261845946312
0.08486811816692352
0.09125566482543945
0.13126829266548157
0.1046363040804863
0.10229933261871338
0.10514629632234573
0.09769705682992935
0.10284239798784256
0.10546091198921204
0.07255959510803223
0.11256848275661469
0.10799114406108856
0.09545095264911652
0.08818390220403671
0.0939936712384224
0.08207932114601135
0.09861962497234344
0.08889182657003403
0.08033968508243561
0.06889724731445312
0.06764614582061768
0.06739708036184311
0.07058805972337723
0.0949694886803627
0.0813523456454277
0.08350163698196411
0.08736461400985718
0.07793449610471725
0.06182240694761276
0.06570397317409515
0.07256008684635162
0.07831989973783493
0.08815683424472809
0.07584425061941147
0.08907772600650787
0.1057964414358139
0.10702504217624664
0.11068306863307953
0.1189841628074646
0.0959208533167839
0.0940881073474884
0.0895669013261795
0.08380872011184692
0.06801486760377884
0.08747787773609161
0.07731706649065018
0.0979946106672287
0.08664043247699738
0.08502812683582306
0.09470069408416748
0.11895795166492462
0.10168244689702988
0.10050065070390701
0.10319702327251434
0.12045831233263016
0.12601059675216675
0.1251254379749298
0.11220967024564743
0.10334235429763794
0.09012053906917572
0.10511249303817749
0.08480342477560043
0.08980605751276016
0.09108811616897583
0.08089137822389603
0.09205111116170883
0.05117253214120865
0.0574960857629776
0.04300650954246521
0.05308452248573303
0.05195928364992142
0.04931356757879257
0.044450465589761734
0.05092379450798035
0.05033368617296219
0.0598057322204113
0.07739564776420593
0.06940291821956635
0.0806664526462555
0.06615367531776428
0.08061371743679047
0.06081670522689819
0.06583037972450256
0.08999405056238174
0.0632546991109848
0.06699851155281067
0.05046454444527626
0.07665172219276428
0.06530297547578812
0.0733681470155716
0.09943833202123642
0.07446825504302979
0.07484280318021774
0.0889165997505188
0.1103844866156578
0.10162220895290375
0.08354519307613373
0.10148589313030243
0.05811935290694237
0.058194197714328766
0.059819236397743225
0.06168733164668083
0.059281982481479645
0.06533100455999374
0.07279040664434433
0.06154205650091171
0.0925140306353569
0.10920010507106781
0.10440955311059952
0.09460098296403885
0.07473592460155487
0.1087457537651062
0.09286533296108246
0.10202786326408386
0.055376775562763214
0.09673915058374405
0.0739351361989975
0.07347798347473145
0.057914040982723236
0.06794922798871994
0.056388817727565765
0.06985741853713989
0.06560570001602173
0.07352929562330246
0.06261957436800003
0.0633726716041565
0.06541839987039566
0.08101197332143784
0.07091563940048218
0.06510128825902939
0.06941036134958267
0.07655975967645645
0.09829699248075485
0.07986631989479065
0.09353742003440857
0.07521694153547287
0.08246789127588272
0.07356433570384979
0.11010550707578659
0.1029919907450676
0.1433546245098114
0.13013550639152527
0.12031979858875275
0.12029244005680084
0.1323244571685791
0.09960146993398666
0.0903957262635231
0.08140577375888824
0.09904833137989044
0.08504248410463333
0.07704241573810577
0.09917370229959488
0.09716003388166428
0.09577393531799316
0.10082588344812393
0.07820377498865128
0.10909003019332886
0.08260499686002731
0.09959124773740768
0.11596395820379257
0.0931166410446167
0.12647557258605957
0.0852014496922493
0.0768434926867485
0.09107735753059387
0.0791197344660759
0.08838147670030594
0.07509712874889374
0.0920732244849205
0.08763963729143143
0.11530248820781708
0.11683057248592377
0.14940299093723297
0.13366267085075378
0.1400722712278366
0.12142300605773926
0.14153772592544556
0.12474538385868073
0.12155674397945404
0.07578306645154953
0.10230603814125061
0.09846630692481995
0.09454509615898132
0.09472580999135971
0.09735897928476334
0.07833907753229141
0.11783356964588165
0.0893668606877327
0.087023064494133
0.10191085189580917
0.08347106724977493
0.1023421585559845
0.09349317848682404
0.09719620645046234
0.10769196599721909
0.09964866936206818
0.07446612417697906
0.09413862973451614
0.10098407417535782
0.09025104343891144
0.10876411199569702
0.09581269323825836
0.0578652024269104
0.07818743586540222
0.049414098262786865
0.04813263565301895
0.051954906433820724
0.0543670617043972
0.06979209929704666
0.07983291894197464
0.12202127277851105
0.08747939020395279
0.10096053779125214
0.13206294178962708
0.12610647082328796
0.10300049185752869
0.1215503066778183
0.12563744187355042
0.07808826863765717
0.08622732758522034
0.1148129552602768
0.060776758939027786
0.08779633045196533
0.07318583130836487
0.06774342060089111
0.07047422975301743
0.06047617644071579
0.0793423056602478
0.06638595461845398
0.06706544756889343
0.06056051328778267
0.05249105393886566
0.07058405131101608
0.05261220410466194
0.12710273265838623
0.12210436165332794
0.12019609659910202
0.11303219944238663
0.14614956080913544
0.1375907063484192
0.11687269806861877
0.12563352286815643
0.10962525010108948
0.09502938389778137
0.10839874297380447
0.09988828003406525
0.09501434117555618
0.0993034839630127
0.09906066209077835
0.12683194875717163
0.05736500024795532
0.07884134352207184
0.06492030620574951
0.06726327538490295
0.05349598824977875
0.06411012262105942
0.05859699845314026
0.057225748896598816
0.08056095242500305
0.09336386620998383
0.08726175874471664
0.08536312729120255
0.08346763998270035
0.0764181911945343
0.10213882476091385
0.07586419582366943
0.09841310232877731
0.08780537545681
0.08474842458963394
0.09035583585500717
0.07498884201049805
0.08783971518278122
0.08086946606636047
0.10106153786182404
0.10631810128688812
0.09407695382833481
0.09948979318141937
0.08571068942546844
0.10962668806314468
0.10541863739490509
0.10492169857025146
0.09668605774641037
0.06734049320220947
0.10294319689273834
0.08513954281806946
0.071743905544281
0.07282082736492157
0.07580045610666275
0.06141647323966026
0.049140747636556625
0.06444305181503296
0.05764218047261238
0.07960856705904007
0.07036935538053513
0.07295141369104385
0.06801778823137283
0.0694182738661766
0.058415934443473816
0.09374966472387314
0.1088217943906784
0.0905943363904953
0.0934387743473053
0.094392329454422
0.08632992208003998
0.12229586392641068
0.10597745329141617
0.07141871750354767
0.08428104966878891
0.06640917807817459
0.06194085627794266
0.07491913437843323
0.06705982238054276
0.05923531949520111
0.07921212911605835
0.07791472971439362
0.09239312261343002
0.0856446623802185
0.08489435911178589
0.09271013736724854
0.07898443937301636
0.08233282715082169
0.09462477266788483
0.06842412799596786
0.07302927225828171
0.10565677285194397
0.07489555329084396
0.05374663695693016
0.05877663940191269
0.08324997127056122
0.08063742518424988
0.10250969231128693
0.10500764846801758
0.10146062821149826
0.10525514930486679
0.08186396211385727
0.08635807782411575
0.06861543655395508
0.07914435863494873
0.07295209914445877
0.08212173730134964
0.07978226989507675
0.0772048681974411
0.0825970396399498
0.06729518622159958
0.06577353179454803
0.06498031318187714
0.06991976499557495
0.07293958961963654
0.0768221989274025
0.07820045948028564
0.08337078988552094
0.08144299685955048
0.09335215389728546
0.08414604514837265
0.08096504956483841
0.07701670378446579
0.08610808104276657
0.09302745759487152
0.07076415419578552
0.09070000052452087
0.07632812857627869
0.1173124685883522
0.09203548729419708
0.07851774990558624
0.07811962813138962
0.0804845467209816
0.09206955134868622
0.09281766414642334
0.0686056911945343
0.07073914259672165
0.08364083617925644
0.125667542219162
0.10693641006946564
0.09761501103639603
0.1065606027841568
0.0828072801232338
0.07615397125482559
0.09599293768405914
0.10618899762630463
0.09135456383228302
0.09161420166492462
0.09285756945610046
0.08694133162498474
0.09101781249046326
0.10015103220939636
0.09991604834794998
0.10388282686471939
0.08175390958786011
0.07010862231254578
0.07711625099182129
0.09363116323947906
0.09911561012268066
0.09828729182481766
0.0810585618019104
0.08963023871183395
0.09252216666936874
0.10472343116998672
0.10827751457691193
0.10053956508636475
0.0777665227651596
0.06428562849760056
0.09742321819067001
0.060061052441596985
0.05546117573976517
0.07732892036437988
0.04437282681465149
0.07148901373147964
0.058008335530757904
0.06165104731917381
0.04873964935541153
0.08386170119047165
0.0932452455163002
0.08231194317340851
0.08057066798210144
0.06460430473089218
0.09877485036849976
0.09279006719589233
0.08695495128631592
0.08811437338590622
0.07045155763626099
0.0891428217291832
0.10409645736217499
0.08298175781965256
0.06422238796949387
0.10703334212303162
0.08372031152248383
0.08471865952014923
0.07812316715717316
0.058339923620224
0.055824704468250275
0.05562876909971237
0.07522816956043243
0.07955065369606018
0.07462288439273834
0.07491958886384964
0.083176389336586
0.07569803297519684
0.07648366689682007
0.0922633707523346
0.06779058277606964
0.08645559847354889
0.07416350394487381
0.07400696724653244
0.06059764325618744
0.08399620652198792
0.07509719580411911
0.09486626088619232
0.08642169833183289
0.0764610767364502
0.07671546936035156
0.06656182557344437
0.06999163329601288
0.07731850445270538
0.07889261096715927
0.06639927625656128
0.06543298065662384
0.06687378883361816
0.0746980682015419
0.07347676903009415
0.08204052597284317
0.07541388273239136
0.08133906126022339
0.09497261047363281
0.08894769847393036
0.07629036903381348
0.08977729082107544
0.10897146910429001
0.09100694954395294
0.09219375997781754
0.10416143387556076
0.10747069120407104
0.0861075147986412
0.1250053197145462
0.09774396568536758
0.07993340492248535
0.08899005502462387
0.08054366707801819
0.10929573327302933
0.11128363758325577
0.09896296262741089
0.10724474489688873
0.11247856169939041
0.09443303942680359
0.07359036803245544
0.07281962037086487
0.060153327882289886
0.0823763981461525
0.0753403976559639
0.0752938836812973
0.05727285146713257
0.08868688344955444
0.0776572972536087
0.09209021925926208
0.07107459008693695
0.07069789618253708
0.09313539415597916
0.07636703550815582
0.0915549173951149
0.08587903529405594
0.08004406094551086
0.07892259955406189
0.08181551843881607
0.08645008504390717
0.09589555114507675
0.09471918642520905
0.0761430561542511
0.06897499412298203
0.06412788480520248
0.07767818868160248
0.0785229429602623
0.05364183336496353
0.06322413682937622
0.04865117743611336
0.06326476484537125
0.12532441318035126
0.11706716567277908
0.13634198904037476
0.11522477120161057
0.12425705045461655
0.12913013994693756
0.1431853026151657
0.126544788479805
0.05647026747465134
0.05484815686941147
0.056975506246089935
0.044068221002817154
0.0655289888381958
0.07260271161794662
0.04699397087097168
0.0508698932826519
0.06682644784450531
0.07355212420225143
0.062394239008426666
0.06826676428318024
0.05827993154525757
0.07906602323055267
0.07672125846147537
0.07457137107849121
0.08086732029914856
0.07644598186016083
0.06826674938201904
0.08501942455768585
0.06964914500713348
0.0588565468788147
0.07970460504293442
0.07451553642749786
0.08996816724538803
0.08442768454551697
0.08548813313245773
0.09902115166187286
0.10526518523693085
0.0854760929942131
0.0877460166811943
0.07980136573314667
0.06785427778959274
0.06086202710866928
0.06376185268163681
0.07108546793460846
0.08600196242332458
0.08064639568328857
0.0716058760881424
0.10058382153511047
0.07013335824012756
0.08175241202116013
0.04669586196541786
0.09115844964981079
0.05834129825234413
0.07765132188796997
0.08925659954547882
0.07262535393238068
0.09929227083921432
0.05898578464984894
0.06456355005502701
0.07149259746074677
0.09639950096607208
0.07340925186872482
0.08583522588014603
0.09444479644298553
0.05535712093114853
0.05743948370218277
0.05375956743955612
0.07156673818826675
0.06135961785912514
0.07493952661752701
0.055843252688646317
0.06460880488157272
0.10470214486122131
0.10544415563344955
0.09206399321556091
0.11153347045183182
0.13327020406723022
0.10563519597053528
0.12241744995117188
0.0991692841053009
0.09193907678127289
0.0968233048915863
0.08703301846981049
0.07396066933870316
0.08194058388471603
0.0713190957903862
0.0800936296582222
0.09392859786748886
0.05911983549594879
0.08229827880859375
0.07335368543863297
0.07829442620277405
0.07863267511129379
0.05592287704348564
0.07370982319116592
0.06596475094556808
0.08715265989303589
0.09450332820415497
0.09759615361690521
0.0829833447933197
0.09684474766254425
0.09263917058706284
0.11275088787078857
0.07314428687095642
0.07297274470329285
0.07572413235902786
0.07158486545085907
0.08284376561641693
0.06195768713951111
0.08902205526828766
0.10769422352313995
0.07758871465921402
0.09440761804580688
0.07928482443094254
0.09180506318807602
0.08480407297611237
0.0947406142950058
0.07063602656126022
0.10150399804115295
0.08287902176380157
0.08725345134735107
0.09628163278102875
0.06748738139867783
0.09832856804132462
0.08801436424255371
0.08078563213348389
0.0912608951330185
0.06541778892278671
0.09140309691429138
0.08955651521682739
0.07477615773677826
0.08104372769594193
0.07530714571475983
0.08323679119348526
0.07568230479955673
0.0821545422077179
0.06767123192548752
0.07029283791780472
0.06557989120483398
0.05253559723496437
0.07407024502754211
0.06668409705162048
0.06576555222272873
0.07132714986801147
0.09970326721668243
0.09191538393497467
0.10485878586769104
0.12118864059448242
0.10841184854507446
0.08701537549495697
0.11218639463186264
0.11256085336208344
0.06862077862024307
0.06942716985940933
0.07323142141103745
0.07749070227146149
0.07007136195898056
0.07687241584062576
0.06593763828277588
0.08180119097232819
0.06575370579957962
0.06865492463111877
0.06444913893938065
0.06832202523946762
0.05503052845597267
0.05668535456061363
0.05598297715187073
0.08742532879114151
0.08620453625917435
0.07094491273164749
0.07572820782661438
0.10493438690900803
0.1130376011133194
0.10069455206394196
0.09022248536348343
0.0974070206284523
0.0777822956442833
0.09149549901485443
0.08168062567710876
0.06787722557783127
0.07621827721595764
0.08955841511487961
0.07739940285682678
0.0785418227314949
0.09088637679815292
0.07948172092437744
0.0859556719660759
0.06744926422834396
0.06557585299015045
0.09764624387025833
0.06966062635183334
0.07489632815122604
0.09692715108394623
0.09299002587795258
0.09746657311916351
0.08012022078037262
0.08959094434976578
0.09399229288101196
0.08912278711795807
0.08311732858419418
0.05627693235874176
0.056614480912685394
0.054964374750852585
0.050442472100257874
0.0680953711271286
0.059090401977300644
0.06540516018867493
0.06048283353447914
0.06618618965148926
0.06854692846536636
0.07643687725067139
0.06625987589359283
0.06466960906982422
0.06629976630210876
0.04885413125157356
0.0708441510796547
0.0938640609383583
0.08146535605192184
0.08805452287197113
0.09147320687770844
0.07955075055360794
0.08966200053691864
0.07197333127260208
0.09684781730175018
0.08462660759687424
0.062391504645347595
0.09083011001348495
0.09153420478105545
0.07544583082199097
0.08712130784988403
0.06442324817180634
0.06803570687770844
0.08166306465864182
0.08548775315284729
0.11512124538421631
0.07419496774673462
0.07682190835475922
0.10987995564937592
0.09672180563211441
0.07994874566793442
0.08093049377202988
0.06824585795402527
0.068234883248806
0.06370112299919128
0.056173160672187805
0.07923666387796402
0.07310258597135544
0.08914817124605179
0.13172684609889984
0.11821328848600388
0.09151199460029602
0.11401508003473282
0.10810865461826324
0.09659222513437271
0.12174107134342194
0.09758409857749939
0.12317194789648056
0.14187932014465332
0.11917801946401596
0.10856122523546219
0.12939317524433136
0.12925460934638977
0.08558124303817749
0.09687695652246475
0.1024499461054802
0.11800569295883179
0.11127404868602753
0.09067125618457794
0.11143945157527924
0.09777220338582993
0.12769906222820282
0.11625803261995316
0.11986060440540314
0.11445826292037964
0.1134912371635437
0.11603696644306183
0.0855853334069252
0.10251172631978989
0.11552717536687851
0.11584804952144623
0.11005653440952301
0.11862490326166153
0.1020541787147522
0.12421886622905731
0.11862616240978241
0.133037269115448
0.10067252069711685
0.10860801488161087
0.13354232907295227
0.0835171565413475
0.08426982909440994
0.08464620262384415
0.09752334654331207
0.08751165866851807
0.09242377430200577
0.11376097798347473
0.09842142462730408
0.11035764217376709
0.10315924882888794
0.11798803508281708
0.08393685519695282
0.08732196688652039
0.09965761750936508
0.10936824232339859
0.08166686445474625
0.09716346859931946
0.09443166851997375
0.11122667789459229
0.09577185660600662
0.09212925285100937
0.09498106688261032
0.08971716463565826
0.08529438823461533
0.07522749900817871
0.0735999122262001
0.09160120785236359
0.09117263555526733
0.06930790096521378
0.07230215519666672
0.09742319583892822
0.05577275902032852
0.06225186213850975
0.07197978347539902
0.06455697119235992
0.05611212179064751
0.06981488317251205
0.05932839587330818
0.058135174214839935
0.08438271284103394
0.07874263823032379
0.08355782181024551
0.07104159891605377
0.08287930488586426
0.05706844478845596
0.08554491400718689
0.07661706209182739
0.09516981244087219
0.08055800199508667
0.07577027380466461
0.07153726369142532
0.07783816754817963
0.07295076549053192
0.07607606053352356
0.07758674025535583
0.05175090581178665
0.05021398514509201
0.051756296306848526
0.04468740522861481
0.04974961653351784
0.049292583018541336
0.04786334186792374
0.05549279972910881
0.12212737649679184
0.10703816264867783
0.11146943271160126
0.09075964242219925
0.11418565362691879
0.07949202507734299
0.09039764106273651
0.1253279447555542
0.10737337172031403
0.11900149285793304
0.09074211120605469
0.10358401387929916
0.10403642058372498
0.10195372253656387
0.0897921770811081
0.09611350297927856
0.08822600543498993
0.1077435091137886
0.10876905173063278
0.09511144459247589
0.08734652400016785
0.08120815455913544
0.08389493077993393
0.09460659325122833
0.08888056874275208
0.0936042070388794
0.09456323832273483
0.11884528398513794
0.10907044261693954
0.09164918959140778
0.10386225581169128
0.10075623542070389
0.04889523983001709
0.06378786265850067
0.07141800224781036
0.07138308882713318
0.08020259439945221
0.05973563343286514
0.07259998470544815
0.05237700045108795
0.086110919713974
0.08171350508928299
0.09455405175685883
0.09720916301012039
0.09907885640859604
0.08874198794364929
0.10729393362998962
0.08662165701389313
0.10105396062135696
0.09011531621217728
0.11393000185489655
0.12427941709756851
0.10043555498123169
0.11132627725601196
0.10320480167865753
0.11237147450447083
0.0818839892745018
0.08511396497488022
0.10100673139095306
0.07484304159879684
0.0778924822807312
0.09275153279304504
0.09103910624980927
0.0918082669377327
0.06752297282218933
0.06508194655179977
0.051646698266267776
0.07809512317180634
0.0875101238489151
0.08077956736087799
0.06180659681558609
0.08609373867511749
0.07924061268568039
0.08160725235939026
0.07956098765134811
0.08495678007602692
0.09550373256206512
0.08800706267356873
0.10886585712432861
0.09401510655879974
0.07737398892641068
0.07534708082675934
0.07432235777378082
0.09390680491924286
0.08573587983846664
0.07617413997650146
0.09913013130426407
0.0803641751408577
0.08175964653491974
0.06283241510391235
0.06797356903553009
0.06750765442848206
0.08000107109546661
0.09633804112672806
0.06861071288585663
0.08161304891109467
0.1301344335079193
0.10408172756433487
0.10263945162296295
0.165795236825943
0.11676742881536484
0.10640352219343185
0.14339014887809753
0.10696499049663544
0.06376485526561737
0.08404257893562317
0.09524732828140259
0.08474158495664597
0.08261262625455856
0.0807064101099968
0.06577389687299728
0.07298381626605988
0.05703412741422653
0.08614447712898254
0.0716450959444046
0.06759316474199295
0.06565138697624207
0.06994548439979553
0.08544731885194778
0.0748327374458313
0.11686265468597412
0.12208332121372223
0.13609275221824646
0.10876138508319855
0.11902903765439987
0.11575830727815628
0.11572393774986267
0.09844371676445007
0.05400753393769264
0.0878022313117981
0.05942986533045769
0.06301871687173843
0.09438544511795044
0.05488855019211769
0.06771177053451538
0.0727204754948616
0.08932226151227951
0.06835200637578964
0.12891444563865662
0.07242420315742493
0.08213131874799728
0.08643347769975662
0.08050572127103806
0.07378649711608887
0.06169743835926056
0.07559628039598465
0.06845425069332123
0.07523904740810394
0.06886842846870422
0.07585236430168152
0.06740748137235641
0.07978594303131104
0.06549880653619766
0.06439489871263504
0.06000583618879318
0.05536589398980141
0.06209833547472954
0.06359255313873291
0.06264346092939377
0.07202102243900299
0.08582033962011337
0.08003056049346924
0.08052381873130798
0.07346540689468384
0.06865232437849045
0.07610730081796646
0.08168010413646698
0.07228317856788635
0.09627696126699448
0.09790997207164764
0.09804421663284302
0.0979698970913887
0.10440143197774887
0.09803532063961029
0.08451066166162491
0.08283302932977676
0.07684904336929321
0.08950475603342056
0.08295238018035889
0.08971170336008072
0.06693167984485626
0.0810074582695961
0.07498402893543243
0.09272416681051254
0.08889417350292206
0.08718281984329224
0.04874265193939209
0.11635593324899673
0.08758600801229477
0.08748997002840042
0.0793847143650055
0.08319049328565598
0.05041885003447533
0.07489895820617676
0.05162183195352554
0.05508854612708092
0.061922356486320496
0.0627036765217781
0.0655096098780632
0.0664803683757782
0.1088281199336052
0.09515494108200073
0.12382733821868896
0.10338401049375534
0.12089201807975769
0.09044694155454636
0.09958614408969879
0.09011680632829666
0.0459473691880703
0.06244545057415962
0.0896252989768982
0.05358137935400009
0.0567968413233757
0.06870914250612259
0.05759879946708679
0.05928638577461243
0.09523394703865051
0.11441078037023544
0.10784018784761429
0.09435348957777023
0.08184683322906494
0.11957509070634842
0.08449473977088928
0.13849958777427673
0.09949000179767609
0.11278188973665237
0.10627402365207672
0.12306901812553406
0.11525435745716095
0.1069766953587532
0.12790273129940033
0.10939130187034607
0.0789446234703064
0.0753331109881401
0.06931598484516144
0.05870889127254486
0.08106129616498947
0.06243046000599861
0.07334531098604202
0.06813844293355942
0.06656553596258163
0.0806235522031784
0.10722815990447998
0.09236717224121094
0.08630263805389404
0.09010046720504761
0.0782116949558258
0.07371846586465836
0.07312685251235962
0.09484577178955078
0.09988535195589066
0.07569465786218643
0.07742389291524887
0.0913442000746727
0.07553980499505997
0.0899595320224762
0.07718055695295334
0.09547705948352814
0.07588821649551392
0.09809837490320206
0.096105195581913
0.0725342333316803
0.07542121410369873
0.06770605593919754
0.08334611356258392
0.08990761637687683
0.08546893298625946
0.10000486671924591
0.09899304807186127
0.10230816900730133
0.11617162823677063
0.08983908593654633
0.0824178010225296
0.07627402245998383
0.07883620262145996
0.06820476055145264
0.07163912057876587
0.07089804112911224
0.07668936252593994
0.08144484460353851
0.12048007547855377
0.11217904835939407
0.12265849113464355
0.10297317802906036
0.10533475130796432
0.1308160424232483
0.11870744824409485
0.132171630859375
0.08787238597869873
0.10061129927635193
0.11206848919391632
0.08551990985870361
0.08040934801101685
0.08710075169801712
0.10546649992465973
0.07986617088317871
0.06276921182870865
0.058301880955696106
0.06397288292646408
0.05971203371882439
0.06298211216926575
0.061419643461704254
0.06260605901479721
0.05723346769809723
0.11859356611967087
0.1212233155965805
0.11990098655223846
0.1055222898721695
0.12417232990264893
0.12030450999736786
0.14027096331119537
0.13102594017982483
0.0848112478852272
0.10030362010002136
0.08304561674594879
0.09438025206327438
0.08317407965660095
0.09810193628072739
0.07804505527019501
0.09781105816364288
0.09555092453956604
0.10069217532873154
0.12390419840812683
0.1087568998336792
0.09947975724935532
0.09250575304031372
0.09996315091848373
0.09894758462905884
0.07187162339687347
0.09710520505905151
0.0824514627456665
0.08295175433158875
0.08889485895633698
0.07689934968948364
0.08358627557754517
0.08201812952756882
0.07781844586133957
0.09413877874612808
0.08966869115829468
0.08131969720125198
0.07503784447908401
0.06840543448925018
0.0771859735250473
0.08296860754489899
0.11015363782644272
0.13259264826774597
0.12324303388595581
0.12523579597473145
0.1262039840221405
0.1192762479186058
0.10945447534322739
0.13373211026191711
0.0841754674911499
0.07141196727752686
0.08076129108667374
0.07813166826963425
0.09040816873311996
0.07715168595314026
0.0743112862110138
0.10010847449302673
0.060194894671440125
0.06382961571216583
0.0830402597784996
0.059652239084243774
0.06028544157743454
0.05696839466691017
0.0640239343047142
0.05113954842090607
0.10579366981983185
0.07632344216108322
0.09097613394260406
0.10026328265666962
0.08080276101827621
0.07800313085317612
0.09106068313121796
0.1020871251821518
0.1089511513710022
0.09914510697126389
0.09226478636264801
0.10997476428747177
0.10430590808391571
0.09198170900344849
0.09752412140369415
0.12444370239973068
0.09860648214817047
0.07319233566522598
0.06604606658220291
0.06808169931173325
0.07647256553173065
0.07759153842926025
0.07051060348749161
0.07295338809490204
0.057962629944086075
0.07764840871095657
0.06291551887989044
0.058552391827106476
0.06655619293451309
0.07800024747848511
0.07094183564186096
0.0702541396021843
0.07316938787698746
0.06290339678525925
0.07941053062677383
0.06934066116809845
0.07531224936246872
0.06145000830292702
0.0848846361041069
0.10256807506084442
0.07289043813943863
0.08312307298183441
0.058592937886714935
0.06578919291496277
0.06720775365829468
0.08777178078889847
0.09090778231620789
0.0714254379272461
0.1097772940993309
0.09125242382287979
0.10569187998771667
0.08497856557369232
0.09894004464149475
0.09621702134609222
0.09896666556596756
0.10593141615390778
0.07372361421585083
0.05840129405260086
0.05371103435754776
0.06126585975289345
0.07316456735134125
0.055314257740974426
0.05189219117164612
0.04699557647109032
0.09583041071891785
0.07477077841758728
0.08320264518260956
0.08422286063432693
0.1062539592385292
0.09017542004585266
0.0925036147236824
0.07937318831682205
0.07467075437307358
0.06548045575618744
0.0664462074637413
0.07256557047367096
0.08309636265039444
0.0794631689786911
0.0693138837814331
0.07756619155406952
0.06892698258161545
0.09751733392477036
0.08447534590959549
0.06968659162521362
0.05481872707605362
0.08362963795661926
0.0762948989868164
0.06589886546134949
0.07182225584983826
0.0910242348909378
0.07138006389141083
0.0772397518157959
0.08841940015554428
0.0667768269777298
0.07316722720861435
0.08385497331619263
0.08752578496932983
0.09870555251836777
0.09926505386829376
0.08073318749666214
0.09699457883834839
0.1086478903889656
0.08453962206840515
0.09064604341983795
0.051300182938575745
0.07924157381057739
0.048197828233242035
0.061034444719552994
0.045741066336631775
0.05043346807360649
0.0676356703042984
0.07470084726810455
0.09753837436437607
0.07966865599155426
0.0927969366312027
0.09005742520093918
0.08943872898817062
0.0875023826956749
0.07344464212656021
0.09407080709934235
0.07511210441589355
0.0655762329697609
0.08253311365842819
0.07495062053203583
0.057895269244909286
0.08962864428758621
0.06755366176366806
0.0699976235628128
0.08610957860946655
0.07024012506008148
0.08410235494375229
0.08832914382219315
0.07736287266016006
0.07949595898389816
0.08954495936632156
0.09001005440950394
0.07128650695085526
0.07012975215911865
0.05136576294898987
0.06625549495220184
0.08199390769004822
0.08404802531003952
0.06880807876586914
0.08005044609308243
0.05786610394716263
0.05727584660053253
0.08625845611095428
0.0585084967315197
0.05010230094194412
0.06622398644685745
0.049629729241132736
0.06018402799963951
0.09217249602079391
0.07674083858728409
0.08886279910802841
0.08037936687469482
0.09478535503149033
0.10112021863460541
0.09001428633928299
0.1082756444811821
0.10107928514480591
0.10253781080245972
0.10653767734766006
0.11332240700721741
0.09779949486255646
0.11242319643497467
0.13390988111495972
0.10935469716787338
0.09125303477048874
0.08194268494844437
0.07310933619737625
0.06925186514854431
0.07726995646953583
0.09272264689207077
0.09762950241565704
0.07462343573570251
0.07030470669269562
0.0929216593503952
0.10037980228662491
0.08190047740936279
0.08746504038572311
0.08782399445772171
0.09025765210390091
0.0843641385436058
0.07560853660106659
0.08100893348455429
0.07550112903118134
0.06711901724338531
0.059610940515995026
0.07808248698711395
0.062013354152441025
0.05692201852798462
0.09950938820838928
0.07346314191818237
0.08936292678117752
0.09396955370903015
0.09114836901426315
0.06426596641540527
0.10354586690664291
0.08271986991167068
0.06313057243824005
0.05385636165738106
0.05538687855005264
0.06923568248748779
0.06662231683731079
0.06531985849142075
0.05864525958895683
0.06977098435163498
0.08588982373476028
0.08105645328760147
0.07131201773881912
0.08318264782428741
0.08099590241909027
0.08195806294679642
0.08465231209993362
0.09071364253759384
0.08038456737995148
0.10139504820108414
0.08315607160329819
0.07641810178756714
0.07345975190401077
0.06050141155719757
0.07937875390052795
0.08576919138431549
0.10027848929166794
0.12350925803184509
0.09525436908006668
0.11644960939884186
0.08780235797166824
0.12078867852687836
0.09908166527748108
0.13068920373916626
0.0857311338186264
0.10090695321559906
0.08834749460220337
0.10216960310935974
0.09402549266815186
0.11721128970384598
0.0949086844921112
0.10266919434070587
0.08861824870109558
0.06995780766010284
0.08430294692516327
0.09240343421697617
0.06478441506624222
0.07965333014726639
0.08199457824230194
0.06403537839651108
